1.049489583238027990e-05
1.158857048721984029e-05
1.279621574212796986e-05
1.412971141689922661e-05
1.560217060614377260e-05
1.722807428450323641e-05
1.902341318782418966e-05
2.100584606523625553e-05
2.319486702617723495e-05
2.561200562922749668e-05
2.828103606589138508e-05
3.122820635326206684e-05
3.448250208748504519e-05
3.807592656812630594e-05
4.204382275929674506e-05
4.642521525966003537e-05
5.126318865222856402e-05
5.660533133777789772e-05
6.250417936826124787e-05
6.901774759171530604e-05
7.621009717695415020e-05
8.415195770794525743e-05
9.292144386563450098e-05
1.026047975756227970e-04
1.132972538471221924e-04
1.251039648195728660e-04
1.381410693284124136e-04
1.525367697468027472e-04
1.684326416580006480e-04
1.859850162873044610e-04
2.053665375569835305e-04
2.267678064526990056e-04
2.503993164282292128e-04
2.764934324659407139e-04
3.053068649023771286e-04
3.371229104232043028e-04
3.722545225173234940e-04
4.110472218599170446e-04
4.538825014606118202e-04
5.011816392652690411e-04
5.534098600037395954e-04
6.110807298682630062e-04
6.747615407221019268e-04
7.450784905813634396e-04
8.227232028730213642e-04
9.084593039005994797e-04
1.003129873424768448e-03
1.107666175812482834e-03
1.223096158355474472e-03
1.350555219687521458e-03
1.491296687163412571e-03
1.646704855374991894e-03
1.818308141082525253e-03
2.007794333621859550e-03
2.217026660218834877e-03
2.448063343763351440e-03
2.703176345676183701e-03
2.984874648973345757e-03
3.295928705483675003e-03
3.639397677034139633e-03
4.018659703433513641e-03
4.437444731593132019e-03
4.899871535599231720e-03
5.410487297922372818e-03
5.974315106868743896e-03
6.596899125725030899e-03
7.284362334758043289e-03
8.043467067182064056e-03
8.881676942110061646e-03
9.807237423956394196e-03
1.082925125956535339e-02
1.195776835083961487e-02
1.320388913154602051e-02
1.457986794412136078e-02
1.609923690557479858e-02
1.777694001793861389e-02
1.962947659194469452e-02
2.167506702244281769e-02
2.393382787704467773e-02
2.642797492444515228e-02
2.918203733861446381e-02
3.222310170531272888e-02
3.558107465505599976e-02
3.928898274898529053e-02
4.338328912854194641e-02
4.772162064909934998e-02
5.205994844436645508e-02
5.639827623963356018e-02
6.073660776019096375e-02
6.507493555545806885e-02
6.941326707601547241e-02
7.375159859657287598e-02
7.808992266654968262e-02
8.242825418710708618e-02
8.676658570766448975e-02
9.110490977764129639e-02
9.651906788349151611e-02
1.019332185387611389e-01
1.073473691940307617e-01
1.127615272998809814e-01
1.181756779551506042e-01
1.235898286104202271e-01
1.290039867162704468e-01
1.344181299209594727e-01
1.398322880268096924e-01
1.452464461326599121e-01
1.506605893373489380e-01
1.560747474431991577e-01
1.614889055490493774e-01
1.669030487537384033e-01
1.723172068595886230e-01
1.777313649654388428e-01
1.831455081701278687e-01
1.885596662759780884e-01
1.939738243818283081e-01
1.993879675865173340e-01
2.048021256923675537e-01
2.102162688970565796e-01
2.156304270029067993e-01
2.210445851087570190e-01
2.264587283134460449e-01
2.318728864192962646e-01
2.372870445251464844e-01
2.427011877298355103e-01
2.481153458356857300e-01
2.535294890403747559e-01
2.589436471462249756e-01
2.643578052520751953e-01
2.697719633579254150e-01
2.751861214637756348e-01
2.806002497673034668e-01
2.860144078731536865e-01
2.914285659790039062e-01
2.968427240848541260e-01
3.022568821907043457e-01
3.076710402965545654e-01
3.130851686000823975e-01
3.184993267059326172e-01
3.239134848117828369e-01
3.293276429176330566e-01
3.347418010234832764e-01
3.401559591293334961e-01
3.455700874328613281e-01
3.509842455387115479e-01
3.563984036445617676e-01
3.618125617504119873e-01
3.672267198562622070e-01
3.726408481597900391e-01
3.780550062656402588e-01
3.834691643714904785e-01
3.888833224773406982e-01
3.942974805831909180e-01
3.997116386890411377e-01
4.051257669925689697e-01
4.105399250984191895e-01
4.159540832042694092e-01
4.213682413101196289e-01
4.267823994159698486e-01
4.321965575218200684e-01
4.376106858253479004e-01
4.430248439311981201e-01
4.484390020370483398e-01
4.538531601428985596e-01
4.592673182487487793e-01
4.646814465522766113e-01
4.700956046581268311e-01
4.755097627639770508e-01
4.809239208698272705e-01
4.863380789756774902e-01
4.917522370815277100e-01
4.971663653850555420e-01
5.025805234909057617e-01
5.079947113990783691e-01
5.134088397026062012e-01
5.188229680061340332e-01
5.242371559143066406e-01
5.296512842178344727e-01
5.350654721260070801e-01
5.404796004295349121e-01
5.458937287330627441e-01
5.513079166412353516e-01
5.567220449447631836e-01
5.621362328529357910e-01
5.675503611564636230e-01
5.729644894599914551e-01
5.783786773681640625e-01
5.837928056716918945e-01
5.892069935798645020e-01
5.946211218833923340e-01
6.000353097915649414e-01
6.054494380950927734e-01
6.108635663986206055e-01
6.162777543067932129e-01
6.216918826103210449e-01
6.271060705184936523e-01
6.325201988220214844e-01
6.379343271255493164e-01
6.433485150337219238e-01
6.487626433372497559e-01
6.541768312454223633e-01
6.595909595489501953e-01
6.650051474571228027e-01
6.704192757606506348e-01
6.758334040641784668e-01
6.812475919723510742e-01
6.866617202758789062e-01
6.920759081840515137e-01
6.974900364875793457e-01
7.029041647911071777e-01
7.083183526992797852e-01
7.137324810028076172e-01
7.191466689109802246e-01
7.245607972145080566e-01
7.299749255180358887e-01
7.353891134262084961e-01
7.408032417297363281e-01
7.462174296379089355e-01
7.516315579414367676e-01
7.570457458496093750e-01
7.624598741531372070e-01
7.678740024566650391e-01
7.732881903648376465e-01
7.787023186683654785e-01
7.841165065765380859e-01
7.895306348800659180e-01
7.949447631835937500e-01
8.003589510917663574e-01
8.057730793952941895e-01
8.111872673034667969e-01
8.166013956069946289e-01
8.220155239105224609e-01
8.274297118186950684e-01
8.328438401222229004e-01
8.382580280303955078e-01
8.436721563339233398e-01
8.490863442420959473e-01
8.545004725456237793e-01
8.599146008491516113e-01
8.653287887573242188e-01
8.707429170608520508e-01
8.761571049690246582e-01
8.815712332725524902e-01
9.545857310295104980e-01
1.033647537231445312e+00
1.119257450103759766e+00
1.211957812309265137e+00
1.312335968017578125e+00
1.421027779579162598e+00
1.538721799850463867e+00
1.666163563728332520e+00
1.804160356521606445e+00
1.953586578369140625e+00
2.115388870239257812e+00
2.290591955184936523e+00
2.480305910110473633e+00
2.685732603073120117e+00
2.908173561096191406e+00
3.149037599563598633e+00
3.409850597381591797e+00
3.692265272140502930e+00
3.998070240020751953e+00
4.329203128814697266e+00
4.687761306762695312e+00
5.076015949249267578e+00
5.496427536010742188e+00
5.951659202575683594e+00
6.444594383239746094e+00
6.978355884552001953e+00
7.556324958801269531e+00
8.275383949279785156e+00
1.022463989257812500e+01
1.263304233551025391e+01
1.560873985290527344e+01
