0 0 33.66055 0 0 ss
1 1 42.37613 0 0 ss
2 2 53.34838 0 0 ss
3 3 67.16163 0 0 ss
4 4 84.55149 0 0 ss
5 5 106.444 0 0 ss
6 6 134.0051 0 0 ss
7 7 168.7024 0 0 ss
8 8 212.3837 0 0 ss
9 9 267.3753 0 0 ss
10 10 336.6055 0 0 ss
11 11 423.7613 0 0 ss
12 12 533.4838 0 0 ss
13 13 671.6163 0 0 ss
14 14 845.5149 0 0 ss
15 15 1064.44 0 0 ss
16 16 1340.051 0 0 ss
17 17 1687.024 0 0 ss
18 18 2123.837 0 0 ss
19 19 2673.753 0 0 ss
20 0 33.66055 0 1 ss
21 1 42.37613 0 1 ss
22 2 53.34838 0 1 ss
23 3 67.16163 0 1 ss
24 4 84.55149 0 1 ss
25 5 106.444 0 1 ss
26 6 134.0051 0 1 ss
27 7 168.7024 0 1 ss
28 8 212.3837 0 1 ss
29 9 267.3753 0 1 ss
30 10 336.6055 0 1 ss
31 11 423.7613 0 1 ss
32 12 533.4838 0 1 ss
33 13 671.6163 0 1 ss
34 14 845.5149 0 1 ss
35 15 1064.44 0 1 ss
36 16 1340.051 0 1 ss
37 17 1687.024 0 1 ss
38 18 2123.837 0 1 ss
39 19 2673.753 0 1 ss
40 0 33.66055 0 2 ss
41 1 42.37613 0 2 ss
42 2 53.34838 0 2 ss
43 3 67.16163 0 2 ss
44 4 84.55149 0 2 ss
45 5 106.444 0 2 ss
46 6 134.0051 0 2 ss
47 7 168.7024 0 2 ss
48 8 212.3837 0 2 ss
49 9 267.3753 0 2 ss
50 10 336.6055 0 2 ss
51 11 423.7613 0 2 ss
52 12 533.4838 0 2 ss
53 13 671.6163 0 2 ss
54 14 845.5149 0 2 ss
55 15 1064.44 0 2 ss
56 16 1340.051 0 2 ss
57 17 1687.024 0 2 ss
58 18 2123.837 0 2 ss
59 19 2673.753 0 2 ss
60 0 33.66055 0 3 ss
61 1 42.37613 0 3 ss
62 2 53.34838 0 3 ss
63 3 67.16163 0 3 ss
64 4 84.55149 0 3 ss
65 5 106.444 0 3 ss
66 6 134.0051 0 3 ss
67 7 168.7024 0 3 ss
68 8 212.3837 0 3 ss
69 9 267.3753 0 3 ss
70 10 336.6055 0 3 ss
71 11 423.7613 0 3 ss
72 12 533.4838 0 3 ss
73 13 671.6163 0 3 ss
74 14 845.5149 0 3 ss
75 15 1064.44 0 3 ss
76 16 1340.051 0 3 ss
77 17 1687.024 0 3 ss
78 18 2123.837 0 3 ss
79 19 2673.753 0 3 ss
80 0 33.66055 0 4 ss
81 1 42.37613 0 4 ss
82 2 53.34838 0 4 ss
83 3 67.16163 0 4 ss
84 4 84.55149 0 4 ss
85 5 106.444 0 4 ss
86 6 134.0051 0 4 ss
87 7 168.7024 0 4 ss
88 8 212.3837 0 4 ss
89 9 267.3753 0 4 ss
90 10 336.6055 0 4 ss
91 11 423.7613 0 4 ss
92 12 533.4838 0 4 ss
93 13 671.6163 0 4 ss
94 14 845.5149 0 4 ss
95 15 1064.44 0 4 ss
96 16 1340.051 0 4 ss
97 17 1687.024 0 4 ss
98 18 2123.837 0 4 ss
99 19 2673.753 0 4 ss
100 0 33.66055 0 5 ss
101 1 42.37613 0 5 ss
102 2 53.34838 0 5 ss
103 3 67.16163 0 5 ss
104 4 84.55149 0 5 ss
105 5 106.444 0 5 ss
106 6 134.0051 0 5 ss
107 7 168.7024 0 5 ss
108 8 212.3837 0 5 ss
109 9 267.3753 0 5 ss
110 10 336.6055 0 5 ss
111 11 423.7613 0 5 ss
112 12 533.4838 0 5 ss
113 13 671.6163 0 5 ss
114 14 845.5149 0 5 ss
115 15 1064.44 0 5 ss
116 16 1340.051 0 5 ss
117 17 1687.024 0 5 ss
118 18 2123.837 0 5 ss
119 19 2673.753 0 5 ss
120 0 33.66055 0 6 ss
121 1 42.37613 0 6 ss
122 2 53.34838 0 6 ss
123 3 67.16163 0 6 ss
124 4 84.55149 0 6 ss
125 5 106.444 0 6 ss
126 6 134.0051 0 6 ss
127 7 168.7024 0 6 ss
128 8 212.3837 0 6 ss
129 9 267.3753 0 6 ss
130 10 336.6055 0 6 ss
131 11 423.7613 0 6 ss
132 12 533.4838 0 6 ss
133 13 671.6163 0 6 ss
134 14 845.5149 0 6 ss
135 15 1064.44 0 6 ss
136 16 1340.051 0 6 ss
137 17 1687.024 0 6 ss
138 18 2123.837 0 6 ss
139 19 2673.753 0 6 ss
140 0 33.66055 0 7 ss
141 1 42.37613 0 7 ss
142 2 53.34838 0 7 ss
143 3 67.16163 0 7 ss
144 4 84.55149 0 7 ss
145 5 106.444 0 7 ss
146 6 134.0051 0 7 ss
147 7 168.7024 0 7 ss
148 8 212.3837 0 7 ss
149 9 267.3753 0 7 ss
150 10 336.6055 0 7 ss
151 11 423.7613 0 7 ss
152 12 533.4838 0 7 ss
153 13 671.6163 0 7 ss
154 14 845.5149 0 7 ss
155 15 1064.44 0 7 ss
156 16 1340.051 0 7 ss
157 17 1687.024 0 7 ss
158 18 2123.837 0 7 ss
159 19 2673.753 0 7 ss
160 0 33.66055 0 8 ss
161 1 42.37613 0 8 ss
162 2 53.34838 0 8 ss
163 3 67.16163 0 8 ss
164 4 84.55149 0 8 ss
165 5 106.444 0 8 ss
166 6 134.0051 0 8 ss
167 7 168.7024 0 8 ss
168 8 212.3837 0 8 ss
169 9 267.3753 0 8 ss
170 10 336.6055 0 8 ss
171 11 423.7613 0 8 ss
172 12 533.4838 0 8 ss
173 13 671.6163 0 8 ss
174 14 845.5149 0 8 ss
175 15 1064.44 0 8 ss
176 16 1340.051 0 8 ss
177 17 1687.024 0 8 ss
178 18 2123.837 0 8 ss
179 19 2673.753 0 8 ss
180 0 33.66055 0 9 ss
181 1 42.37613 0 9 ss
182 2 53.34838 0 9 ss
183 3 67.16163 0 9 ss
184 4 84.55149 0 9 ss
185 5 106.444 0 9 ss
186 6 134.0051 0 9 ss
187 7 168.7024 0 9 ss
188 8 212.3837 0 9 ss
189 9 267.3753 0 9 ss
190 10 336.6055 0 9 ss
191 11 423.7613 0 9 ss
192 12 533.4838 0 9 ss
193 13 671.6163 0 9 ss
194 14 845.5149 0 9 ss
195 15 1064.44 0 9 ss
196 16 1340.051 0 9 ss
197 17 1687.024 0 9 ss
198 18 2123.837 0 9 ss
199 19 2673.753 0 9 ss
200 0 33.66055 1 1 ss
201 1 42.37613 1 1 ss
202 2 53.34838 1 1 ss
203 3 67.16163 1 1 ss
204 4 84.55149 1 1 ss
205 5 106.444 1 1 ss
206 6 134.0051 1 1 ss
207 7 168.7024 1 1 ss
208 8 212.3837 1 1 ss
209 9 267.3753 1 1 ss
210 10 336.6055 1 1 ss
211 11 423.7613 1 1 ss
212 12 533.4838 1 1 ss
213 13 671.6163 1 1 ss
214 14 845.5149 1 1 ss
215 15 1064.44 1 1 ss
216 16 1340.051 1 1 ss
217 17 1687.024 1 1 ss
218 18 2123.837 1 1 ss
219 19 2673.753 1 1 ss
220 0 33.66055 1 2 ss
221 1 42.37613 1 2 ss
222 2 53.34838 1 2 ss
223 3 67.16163 1 2 ss
224 4 84.55149 1 2 ss
225 5 106.444 1 2 ss
226 6 134.0051 1 2 ss
227 7 168.7024 1 2 ss
228 8 212.3837 1 2 ss
229 9 267.3753 1 2 ss
230 10 336.6055 1 2 ss
231 11 423.7613 1 2 ss
232 12 533.4838 1 2 ss
233 13 671.6163 1 2 ss
234 14 845.5149 1 2 ss
235 15 1064.44 1 2 ss
236 16 1340.051 1 2 ss
237 17 1687.024 1 2 ss
238 18 2123.837 1 2 ss
239 19 2673.753 1 2 ss
240 0 33.66055 1 3 ss
241 1 42.37613 1 3 ss
242 2 53.34838 1 3 ss
243 3 67.16163 1 3 ss
244 4 84.55149 1 3 ss
245 5 106.444 1 3 ss
246 6 134.0051 1 3 ss
247 7 168.7024 1 3 ss
248 8 212.3837 1 3 ss
249 9 267.3753 1 3 ss
250 10 336.6055 1 3 ss
251 11 423.7613 1 3 ss
252 12 533.4838 1 3 ss
253 13 671.6163 1 3 ss
254 14 845.5149 1 3 ss
255 15 1064.44 1 3 ss
256 16 1340.051 1 3 ss
257 17 1687.024 1 3 ss
258 18 2123.837 1 3 ss
259 19 2673.753 1 3 ss
260 0 33.66055 1 4 ss
261 1 42.37613 1 4 ss
262 2 53.34838 1 4 ss
263 3 67.16163 1 4 ss
264 4 84.55149 1 4 ss
265 5 106.444 1 4 ss
266 6 134.0051 1 4 ss
267 7 168.7024 1 4 ss
268 8 212.3837 1 4 ss
269 9 267.3753 1 4 ss
270 10 336.6055 1 4 ss
271 11 423.7613 1 4 ss
272 12 533.4838 1 4 ss
273 13 671.6163 1 4 ss
274 14 845.5149 1 4 ss
275 15 1064.44 1 4 ss
276 16 1340.051 1 4 ss
277 17 1687.024 1 4 ss
278 18 2123.837 1 4 ss
279 19 2673.753 1 4 ss
280 0 33.66055 1 5 ss
281 1 42.37613 1 5 ss
282 2 53.34838 1 5 ss
283 3 67.16163 1 5 ss
284 4 84.55149 1 5 ss
285 5 106.444 1 5 ss
286 6 134.0051 1 5 ss
287 7 168.7024 1 5 ss
288 8 212.3837 1 5 ss
289 9 267.3753 1 5 ss
290 10 336.6055 1 5 ss
291 11 423.7613 1 5 ss
292 12 533.4838 1 5 ss
293 13 671.6163 1 5 ss
294 14 845.5149 1 5 ss
295 15 1064.44 1 5 ss
296 16 1340.051 1 5 ss
297 17 1687.024 1 5 ss
298 18 2123.837 1 5 ss
299 19 2673.753 1 5 ss
300 0 33.66055 1 6 ss
301 1 42.37613 1 6 ss
302 2 53.34838 1 6 ss
303 3 67.16163 1 6 ss
304 4 84.55149 1 6 ss
305 5 106.444 1 6 ss
306 6 134.0051 1 6 ss
307 7 168.7024 1 6 ss
308 8 212.3837 1 6 ss
309 9 267.3753 1 6 ss
310 10 336.6055 1 6 ss
311 11 423.7613 1 6 ss
312 12 533.4838 1 6 ss
313 13 671.6163 1 6 ss
314 14 845.5149 1 6 ss
315 15 1064.44 1 6 ss
316 16 1340.051 1 6 ss
317 17 1687.024 1 6 ss
318 18 2123.837 1 6 ss
319 19 2673.753 1 6 ss
320 0 33.66055 1 7 ss
321 1 42.37613 1 7 ss
322 2 53.34838 1 7 ss
323 3 67.16163 1 7 ss
324 4 84.55149 1 7 ss
325 5 106.444 1 7 ss
326 6 134.0051 1 7 ss
327 7 168.7024 1 7 ss
328 8 212.3837 1 7 ss
329 9 267.3753 1 7 ss
330 10 336.6055 1 7 ss
331 11 423.7613 1 7 ss
332 12 533.4838 1 7 ss
333 13 671.6163 1 7 ss
334 14 845.5149 1 7 ss
335 15 1064.44 1 7 ss
336 16 1340.051 1 7 ss
337 17 1687.024 1 7 ss
338 18 2123.837 1 7 ss
339 19 2673.753 1 7 ss
340 0 33.66055 1 8 ss
341 1 42.37613 1 8 ss
342 2 53.34838 1 8 ss
343 3 67.16163 1 8 ss
344 4 84.55149 1 8 ss
345 5 106.444 1 8 ss
346 6 134.0051 1 8 ss
347 7 168.7024 1 8 ss
348 8 212.3837 1 8 ss
349 9 267.3753 1 8 ss
350 10 336.6055 1 8 ss
351 11 423.7613 1 8 ss
352 12 533.4838 1 8 ss
353 13 671.6163 1 8 ss
354 14 845.5149 1 8 ss
355 15 1064.44 1 8 ss
356 16 1340.051 1 8 ss
357 17 1687.024 1 8 ss
358 18 2123.837 1 8 ss
359 19 2673.753 1 8 ss
360 0 33.66055 1 9 ss
361 1 42.37613 1 9 ss
362 2 53.34838 1 9 ss
363 3 67.16163 1 9 ss
364 4 84.55149 1 9 ss
365 5 106.444 1 9 ss
366 6 134.0051 1 9 ss
367 7 168.7024 1 9 ss
368 8 212.3837 1 9 ss
369 9 267.3753 1 9 ss
370 10 336.6055 1 9 ss
371 11 423.7613 1 9 ss
372 12 533.4838 1 9 ss
373 13 671.6163 1 9 ss
374 14 845.5149 1 9 ss
375 15 1064.44 1 9 ss
376 16 1340.051 1 9 ss
377 17 1687.024 1 9 ss
378 18 2123.837 1 9 ss
379 19 2673.753 1 9 ss
380 0 33.66055 2 2 ss
381 1 42.37613 2 2 ss
382 2 53.34838 2 2 ss
383 3 67.16163 2 2 ss
384 4 84.55149 2 2 ss
385 5 106.444 2 2 ss
386 6 134.0051 2 2 ss
387 7 168.7024 2 2 ss
388 8 212.3837 2 2 ss
389 9 267.3753 2 2 ss
390 10 336.6055 2 2 ss
391 11 423.7613 2 2 ss
392 12 533.4838 2 2 ss
393 13 671.6163 2 2 ss
394 14 845.5149 2 2 ss
395 15 1064.44 2 2 ss
396 16 1340.051 2 2 ss
397 17 1687.024 2 2 ss
398 18 2123.837 2 2 ss
399 19 2673.753 2 2 ss
400 0 33.66055 2 3 ss
401 1 42.37613 2 3 ss
402 2 53.34838 2 3 ss
403 3 67.16163 2 3 ss
404 4 84.55149 2 3 ss
405 5 106.444 2 3 ss
406 6 134.0051 2 3 ss
407 7 168.7024 2 3 ss
408 8 212.3837 2 3 ss
409 9 267.3753 2 3 ss
410 10 336.6055 2 3 ss
411 11 423.7613 2 3 ss
412 12 533.4838 2 3 ss
413 13 671.6163 2 3 ss
414 14 845.5149 2 3 ss
415 15 1064.44 2 3 ss
416 16 1340.051 2 3 ss
417 17 1687.024 2 3 ss
418 18 2123.837 2 3 ss
419 19 2673.753 2 3 ss
420 0 33.66055 2 4 ss
421 1 42.37613 2 4 ss
422 2 53.34838 2 4 ss
423 3 67.16163 2 4 ss
424 4 84.55149 2 4 ss
425 5 106.444 2 4 ss
426 6 134.0051 2 4 ss
427 7 168.7024 2 4 ss
428 8 212.3837 2 4 ss
429 9 267.3753 2 4 ss
430 10 336.6055 2 4 ss
431 11 423.7613 2 4 ss
432 12 533.4838 2 4 ss
433 13 671.6163 2 4 ss
434 14 845.5149 2 4 ss
435 15 1064.44 2 4 ss
436 16 1340.051 2 4 ss
437 17 1687.024 2 4 ss
438 18 2123.837 2 4 ss
439 19 2673.753 2 4 ss
440 0 33.66055 2 5 ss
441 1 42.37613 2 5 ss
442 2 53.34838 2 5 ss
443 3 67.16163 2 5 ss
444 4 84.55149 2 5 ss
445 5 106.444 2 5 ss
446 6 134.0051 2 5 ss
447 7 168.7024 2 5 ss
448 8 212.3837 2 5 ss
449 9 267.3753 2 5 ss
450 10 336.6055 2 5 ss
451 11 423.7613 2 5 ss
452 12 533.4838 2 5 ss
453 13 671.6163 2 5 ss
454 14 845.5149 2 5 ss
455 15 1064.44 2 5 ss
456 16 1340.051 2 5 ss
457 17 1687.024 2 5 ss
458 18 2123.837 2 5 ss
459 19 2673.753 2 5 ss
460 0 33.66055 2 6 ss
461 1 42.37613 2 6 ss
462 2 53.34838 2 6 ss
463 3 67.16163 2 6 ss
464 4 84.55149 2 6 ss
465 5 106.444 2 6 ss
466 6 134.0051 2 6 ss
467 7 168.7024 2 6 ss
468 8 212.3837 2 6 ss
469 9 267.3753 2 6 ss
470 10 336.6055 2 6 ss
471 11 423.7613 2 6 ss
472 12 533.4838 2 6 ss
473 13 671.6163 2 6 ss
474 14 845.5149 2 6 ss
475 15 1064.44 2 6 ss
476 16 1340.051 2 6 ss
477 17 1687.024 2 6 ss
478 18 2123.837 2 6 ss
479 19 2673.753 2 6 ss
480 0 33.66055 2 7 ss
481 1 42.37613 2 7 ss
482 2 53.34838 2 7 ss
483 3 67.16163 2 7 ss
484 4 84.55149 2 7 ss
485 5 106.444 2 7 ss
486 6 134.0051 2 7 ss
487 7 168.7024 2 7 ss
488 8 212.3837 2 7 ss
489 9 267.3753 2 7 ss
490 10 336.6055 2 7 ss
491 11 423.7613 2 7 ss
492 12 533.4838 2 7 ss
493 13 671.6163 2 7 ss
494 14 845.5149 2 7 ss
495 15 1064.44 2 7 ss
496 16 1340.051 2 7 ss
497 17 1687.024 2 7 ss
498 18 2123.837 2 7 ss
499 19 2673.753 2 7 ss
500 0 33.66055 2 8 ss
501 1 42.37613 2 8 ss
502 2 53.34838 2 8 ss
503 3 67.16163 2 8 ss
504 4 84.55149 2 8 ss
505 5 106.444 2 8 ss
506 6 134.0051 2 8 ss
507 7 168.7024 2 8 ss
508 8 212.3837 2 8 ss
509 9 267.3753 2 8 ss
510 10 336.6055 2 8 ss
511 11 423.7613 2 8 ss
512 12 533.4838 2 8 ss
513 13 671.6163 2 8 ss
514 14 845.5149 2 8 ss
515 15 1064.44 2 8 ss
516 16 1340.051 2 8 ss
517 17 1687.024 2 8 ss
518 18 2123.837 2 8 ss
519 19 2673.753 2 8 ss
520 0 33.66055 2 9 ss
521 1 42.37613 2 9 ss
522 2 53.34838 2 9 ss
523 3 67.16163 2 9 ss
524 4 84.55149 2 9 ss
525 5 106.444 2 9 ss
526 6 134.0051 2 9 ss
527 7 168.7024 2 9 ss
528 8 212.3837 2 9 ss
529 9 267.3753 2 9 ss
530 10 336.6055 2 9 ss
531 11 423.7613 2 9 ss
532 12 533.4838 2 9 ss
533 13 671.6163 2 9 ss
534 14 845.5149 2 9 ss
535 15 1064.44 2 9 ss
536 16 1340.051 2 9 ss
537 17 1687.024 2 9 ss
538 18 2123.837 2 9 ss
539 19 2673.753 2 9 ss
540 0 33.66055 3 3 ss
541 1 42.37613 3 3 ss
542 2 53.34838 3 3 ss
543 3 67.16163 3 3 ss
544 4 84.55149 3 3 ss
545 5 106.444 3 3 ss
546 6 134.0051 3 3 ss
547 7 168.7024 3 3 ss
548 8 212.3837 3 3 ss
549 9 267.3753 3 3 ss
550 10 336.6055 3 3 ss
551 11 423.7613 3 3 ss
552 12 533.4838 3 3 ss
553 13 671.6163 3 3 ss
554 14 845.5149 3 3 ss
555 15 1064.44 3 3 ss
556 16 1340.051 3 3 ss
557 17 1687.024 3 3 ss
558 18 2123.837 3 3 ss
559 19 2673.753 3 3 ss
560 0 33.66055 3 4 ss
561 1 42.37613 3 4 ss
562 2 53.34838 3 4 ss
563 3 67.16163 3 4 ss
564 4 84.55149 3 4 ss
565 5 106.444 3 4 ss
566 6 134.0051 3 4 ss
567 7 168.7024 3 4 ss
568 8 212.3837 3 4 ss
569 9 267.3753 3 4 ss
570 10 336.6055 3 4 ss
571 11 423.7613 3 4 ss
572 12 533.4838 3 4 ss
573 13 671.6163 3 4 ss
574 14 845.5149 3 4 ss
575 15 1064.44 3 4 ss
576 16 1340.051 3 4 ss
577 17 1687.024 3 4 ss
578 18 2123.837 3 4 ss
579 19 2673.753 3 4 ss
580 0 33.66055 3 5 ss
581 1 42.37613 3 5 ss
582 2 53.34838 3 5 ss
583 3 67.16163 3 5 ss
584 4 84.55149 3 5 ss
585 5 106.444 3 5 ss
586 6 134.0051 3 5 ss
587 7 168.7024 3 5 ss
588 8 212.3837 3 5 ss
589 9 267.3753 3 5 ss
590 10 336.6055 3 5 ss
591 11 423.7613 3 5 ss
592 12 533.4838 3 5 ss
593 13 671.6163 3 5 ss
594 14 845.5149 3 5 ss
595 15 1064.44 3 5 ss
596 16 1340.051 3 5 ss
597 17 1687.024 3 5 ss
598 18 2123.837 3 5 ss
599 19 2673.753 3 5 ss
600 0 33.66055 3 6 ss
601 1 42.37613 3 6 ss
602 2 53.34838 3 6 ss
603 3 67.16163 3 6 ss
604 4 84.55149 3 6 ss
605 5 106.444 3 6 ss
606 6 134.0051 3 6 ss
607 7 168.7024 3 6 ss
608 8 212.3837 3 6 ss
609 9 267.3753 3 6 ss
610 10 336.6055 3 6 ss
611 11 423.7613 3 6 ss
612 12 533.4838 3 6 ss
613 13 671.6163 3 6 ss
614 14 845.5149 3 6 ss
615 15 1064.44 3 6 ss
616 16 1340.051 3 6 ss
617 17 1687.024 3 6 ss
618 18 2123.837 3 6 ss
619 19 2673.753 3 6 ss
620 0 33.66055 3 7 ss
621 1 42.37613 3 7 ss
622 2 53.34838 3 7 ss
623 3 67.16163 3 7 ss
624 4 84.55149 3 7 ss
625 5 106.444 3 7 ss
626 6 134.0051 3 7 ss
627 7 168.7024 3 7 ss
628 8 212.3837 3 7 ss
629 9 267.3753 3 7 ss
630 10 336.6055 3 7 ss
631 11 423.7613 3 7 ss
632 12 533.4838 3 7 ss
633 13 671.6163 3 7 ss
634 14 845.5149 3 7 ss
635 15 1064.44 3 7 ss
636 16 1340.051 3 7 ss
637 17 1687.024 3 7 ss
638 18 2123.837 3 7 ss
639 19 2673.753 3 7 ss
640 0 33.66055 3 8 ss
641 1 42.37613 3 8 ss
642 2 53.34838 3 8 ss
643 3 67.16163 3 8 ss
644 4 84.55149 3 8 ss
645 5 106.444 3 8 ss
646 6 134.0051 3 8 ss
647 7 168.7024 3 8 ss
648 8 212.3837 3 8 ss
649 9 267.3753 3 8 ss
650 10 336.6055 3 8 ss
651 11 423.7613 3 8 ss
652 12 533.4838 3 8 ss
653 13 671.6163 3 8 ss
654 14 845.5149 3 8 ss
655 15 1064.44 3 8 ss
656 16 1340.051 3 8 ss
657 17 1687.024 3 8 ss
658 18 2123.837 3 8 ss
659 19 2673.753 3 8 ss
660 0 33.66055 3 9 ss
661 1 42.37613 3 9 ss
662 2 53.34838 3 9 ss
663 3 67.16163 3 9 ss
664 4 84.55149 3 9 ss
665 5 106.444 3 9 ss
666 6 134.0051 3 9 ss
667 7 168.7024 3 9 ss
668 8 212.3837 3 9 ss
669 9 267.3753 3 9 ss
670 10 336.6055 3 9 ss
671 11 423.7613 3 9 ss
672 12 533.4838 3 9 ss
673 13 671.6163 3 9 ss
674 14 845.5149 3 9 ss
675 15 1064.44 3 9 ss
676 16 1340.051 3 9 ss
677 17 1687.024 3 9 ss
678 18 2123.837 3 9 ss
679 19 2673.753 3 9 ss
680 0 33.66055 4 4 ss
681 1 42.37613 4 4 ss
682 2 53.34838 4 4 ss
683 3 67.16163 4 4 ss
684 4 84.55149 4 4 ss
685 5 106.444 4 4 ss
686 6 134.0051 4 4 ss
687 7 168.7024 4 4 ss
688 8 212.3837 4 4 ss
689 9 267.3753 4 4 ss
690 10 336.6055 4 4 ss
691 11 423.7613 4 4 ss
692 12 533.4838 4 4 ss
693 13 671.6163 4 4 ss
694 14 845.5149 4 4 ss
695 15 1064.44 4 4 ss
696 16 1340.051 4 4 ss
697 17 1687.024 4 4 ss
698 18 2123.837 4 4 ss
699 19 2673.753 4 4 ss
700 0 33.66055 4 5 ss
701 1 42.37613 4 5 ss
702 2 53.34838 4 5 ss
703 3 67.16163 4 5 ss
704 4 84.55149 4 5 ss
705 5 106.444 4 5 ss
706 6 134.0051 4 5 ss
707 7 168.7024 4 5 ss
708 8 212.3837 4 5 ss
709 9 267.3753 4 5 ss
710 10 336.6055 4 5 ss
711 11 423.7613 4 5 ss
712 12 533.4838 4 5 ss
713 13 671.6163 4 5 ss
714 14 845.5149 4 5 ss
715 15 1064.44 4 5 ss
716 16 1340.051 4 5 ss
717 17 1687.024 4 5 ss
718 18 2123.837 4 5 ss
719 19 2673.753 4 5 ss
720 0 33.66055 4 6 ss
721 1 42.37613 4 6 ss
722 2 53.34838 4 6 ss
723 3 67.16163 4 6 ss
724 4 84.55149 4 6 ss
725 5 106.444 4 6 ss
726 6 134.0051 4 6 ss
727 7 168.7024 4 6 ss
728 8 212.3837 4 6 ss
729 9 267.3753 4 6 ss
730 10 336.6055 4 6 ss
731 11 423.7613 4 6 ss
732 12 533.4838 4 6 ss
733 13 671.6163 4 6 ss
734 14 845.5149 4 6 ss
735 15 1064.44 4 6 ss
736 16 1340.051 4 6 ss
737 17 1687.024 4 6 ss
738 18 2123.837 4 6 ss
739 19 2673.753 4 6 ss
740 0 33.66055 4 7 ss
741 1 42.37613 4 7 ss
742 2 53.34838 4 7 ss
743 3 67.16163 4 7 ss
744 4 84.55149 4 7 ss
745 5 106.444 4 7 ss
746 6 134.0051 4 7 ss
747 7 168.7024 4 7 ss
748 8 212.3837 4 7 ss
749 9 267.3753 4 7 ss
750 10 336.6055 4 7 ss
751 11 423.7613 4 7 ss
752 12 533.4838 4 7 ss
753 13 671.6163 4 7 ss
754 14 845.5149 4 7 ss
755 15 1064.44 4 7 ss
756 16 1340.051 4 7 ss
757 17 1687.024 4 7 ss
758 18 2123.837 4 7 ss
759 19 2673.753 4 7 ss
760 0 33.66055 4 8 ss
761 1 42.37613 4 8 ss
762 2 53.34838 4 8 ss
763 3 67.16163 4 8 ss
764 4 84.55149 4 8 ss
765 5 106.444 4 8 ss
766 6 134.0051 4 8 ss
767 7 168.7024 4 8 ss
768 8 212.3837 4 8 ss
769 9 267.3753 4 8 ss
770 10 336.6055 4 8 ss
771 11 423.7613 4 8 ss
772 12 533.4838 4 8 ss
773 13 671.6163 4 8 ss
774 14 845.5149 4 8 ss
775 15 1064.44 4 8 ss
776 16 1340.051 4 8 ss
777 17 1687.024 4 8 ss
778 18 2123.837 4 8 ss
779 19 2673.753 4 8 ss
780 0 33.66055 4 9 ss
781 1 42.37613 4 9 ss
782 2 53.34838 4 9 ss
783 3 67.16163 4 9 ss
784 4 84.55149 4 9 ss
785 5 106.444 4 9 ss
786 6 134.0051 4 9 ss
787 7 168.7024 4 9 ss
788 8 212.3837 4 9 ss
789 9 267.3753 4 9 ss
790 10 336.6055 4 9 ss
791 11 423.7613 4 9 ss
792 12 533.4838 4 9 ss
793 13 671.6163 4 9 ss
794 14 845.5149 4 9 ss
795 15 1064.44 4 9 ss
796 16 1340.051 4 9 ss
797 17 1687.024 4 9 ss
798 18 2123.837 4 9 ss
799 19 2673.753 4 9 ss
800 0 33.66055 5 5 ss
801 1 42.37613 5 5 ss
802 2 53.34838 5 5 ss
803 3 67.16163 5 5 ss
804 4 84.55149 5 5 ss
805 5 106.444 5 5 ss
806 6 134.0051 5 5 ss
807 7 168.7024 5 5 ss
808 8 212.3837 5 5 ss
809 9 267.3753 5 5 ss
810 10 336.6055 5 5 ss
811 11 423.7613 5 5 ss
812 12 533.4838 5 5 ss
813 13 671.6163 5 5 ss
814 14 845.5149 5 5 ss
815 15 1064.44 5 5 ss
816 16 1340.051 5 5 ss
817 17 1687.024 5 5 ss
818 18 2123.837 5 5 ss
819 19 2673.753 5 5 ss
820 0 33.66055 5 6 ss
821 1 42.37613 5 6 ss
822 2 53.34838 5 6 ss
823 3 67.16163 5 6 ss
824 4 84.55149 5 6 ss
825 5 106.444 5 6 ss
826 6 134.0051 5 6 ss
827 7 168.7024 5 6 ss
828 8 212.3837 5 6 ss
829 9 267.3753 5 6 ss
830 10 336.6055 5 6 ss
831 11 423.7613 5 6 ss
832 12 533.4838 5 6 ss
833 13 671.6163 5 6 ss
834 14 845.5149 5 6 ss
835 15 1064.44 5 6 ss
836 16 1340.051 5 6 ss
837 17 1687.024 5 6 ss
838 18 2123.837 5 6 ss
839 19 2673.753 5 6 ss
840 0 33.66055 5 7 ss
841 1 42.37613 5 7 ss
842 2 53.34838 5 7 ss
843 3 67.16163 5 7 ss
844 4 84.55149 5 7 ss
845 5 106.444 5 7 ss
846 6 134.0051 5 7 ss
847 7 168.7024 5 7 ss
848 8 212.3837 5 7 ss
849 9 267.3753 5 7 ss
850 10 336.6055 5 7 ss
851 11 423.7613 5 7 ss
852 12 533.4838 5 7 ss
853 13 671.6163 5 7 ss
854 14 845.5149 5 7 ss
855 15 1064.44 5 7 ss
856 16 1340.051 5 7 ss
857 17 1687.024 5 7 ss
858 18 2123.837 5 7 ss
859 19 2673.753 5 7 ss
860 0 33.66055 5 8 ss
861 1 42.37613 5 8 ss
862 2 53.34838 5 8 ss
863 3 67.16163 5 8 ss
864 4 84.55149 5 8 ss
865 5 106.444 5 8 ss
866 6 134.0051 5 8 ss
867 7 168.7024 5 8 ss
868 8 212.3837 5 8 ss
869 9 267.3753 5 8 ss
870 10 336.6055 5 8 ss
871 11 423.7613 5 8 ss
872 12 533.4838 5 8 ss
873 13 671.6163 5 8 ss
874 14 845.5149 5 8 ss
875 15 1064.44 5 8 ss
876 16 1340.051 5 8 ss
877 17 1687.024 5 8 ss
878 18 2123.837 5 8 ss
879 19 2673.753 5 8 ss
880 0 33.66055 5 9 ss
881 1 42.37613 5 9 ss
882 2 53.34838 5 9 ss
883 3 67.16163 5 9 ss
884 4 84.55149 5 9 ss
885 5 106.444 5 9 ss
886 6 134.0051 5 9 ss
887 7 168.7024 5 9 ss
888 8 212.3837 5 9 ss
889 9 267.3753 5 9 ss
890 10 336.6055 5 9 ss
891 11 423.7613 5 9 ss
892 12 533.4838 5 9 ss
893 13 671.6163 5 9 ss
894 14 845.5149 5 9 ss
895 15 1064.44 5 9 ss
896 16 1340.051 5 9 ss
897 17 1687.024 5 9 ss
898 18 2123.837 5 9 ss
899 19 2673.753 5 9 ss
900 0 33.66055 6 6 ss
901 1 42.37613 6 6 ss
902 2 53.34838 6 6 ss
903 3 67.16163 6 6 ss
904 4 84.55149 6 6 ss
905 5 106.444 6 6 ss
906 6 134.0051 6 6 ss
907 7 168.7024 6 6 ss
908 8 212.3837 6 6 ss
909 9 267.3753 6 6 ss
910 10 336.6055 6 6 ss
911 11 423.7613 6 6 ss
912 12 533.4838 6 6 ss
913 13 671.6163 6 6 ss
914 14 845.5149 6 6 ss
915 15 1064.44 6 6 ss
916 16 1340.051 6 6 ss
917 17 1687.024 6 6 ss
918 18 2123.837 6 6 ss
919 19 2673.753 6 6 ss
920 0 33.66055 6 7 ss
921 1 42.37613 6 7 ss
922 2 53.34838 6 7 ss
923 3 67.16163 6 7 ss
924 4 84.55149 6 7 ss
925 5 106.444 6 7 ss
926 6 134.0051 6 7 ss
927 7 168.7024 6 7 ss
928 8 212.3837 6 7 ss
929 9 267.3753 6 7 ss
930 10 336.6055 6 7 ss
931 11 423.7613 6 7 ss
932 12 533.4838 6 7 ss
933 13 671.6163 6 7 ss
934 14 845.5149 6 7 ss
935 15 1064.44 6 7 ss
936 16 1340.051 6 7 ss
937 17 1687.024 6 7 ss
938 18 2123.837 6 7 ss
939 19 2673.753 6 7 ss
940 0 33.66055 6 8 ss
941 1 42.37613 6 8 ss
942 2 53.34838 6 8 ss
943 3 67.16163 6 8 ss
944 4 84.55149 6 8 ss
945 5 106.444 6 8 ss
946 6 134.0051 6 8 ss
947 7 168.7024 6 8 ss
948 8 212.3837 6 8 ss
949 9 267.3753 6 8 ss
950 10 336.6055 6 8 ss
951 11 423.7613 6 8 ss
952 12 533.4838 6 8 ss
953 13 671.6163 6 8 ss
954 14 845.5149 6 8 ss
955 15 1064.44 6 8 ss
956 16 1340.051 6 8 ss
957 17 1687.024 6 8 ss
958 18 2123.837 6 8 ss
959 19 2673.753 6 8 ss
960 0 33.66055 6 9 ss
961 1 42.37613 6 9 ss
962 2 53.34838 6 9 ss
963 3 67.16163 6 9 ss
964 4 84.55149 6 9 ss
965 5 106.444 6 9 ss
966 6 134.0051 6 9 ss
967 7 168.7024 6 9 ss
968 8 212.3837 6 9 ss
969 9 267.3753 6 9 ss
970 10 336.6055 6 9 ss
971 11 423.7613 6 9 ss
972 12 533.4838 6 9 ss
973 13 671.6163 6 9 ss
974 14 845.5149 6 9 ss
975 15 1064.44 6 9 ss
976 16 1340.051 6 9 ss
977 17 1687.024 6 9 ss
978 18 2123.837 6 9 ss
979 19 2673.753 6 9 ss
980 0 33.66055 7 7 ss
981 1 42.37613 7 7 ss
982 2 53.34838 7 7 ss
983 3 67.16163 7 7 ss
984 4 84.55149 7 7 ss
985 5 106.444 7 7 ss
986 6 134.0051 7 7 ss
987 7 168.7024 7 7 ss
988 8 212.3837 7 7 ss
989 9 267.3753 7 7 ss
990 10 336.6055 7 7 ss
991 11 423.7613 7 7 ss
992 12 533.4838 7 7 ss
993 13 671.6163 7 7 ss
994 14 845.5149 7 7 ss
995 15 1064.44 7 7 ss
996 16 1340.051 7 7 ss
997 17 1687.024 7 7 ss
998 18 2123.837 7 7 ss
999 19 2673.753 7 7 ss
1000 0 33.66055 7 8 ss
1001 1 42.37613 7 8 ss
1002 2 53.34838 7 8 ss
1003 3 67.16163 7 8 ss
1004 4 84.55149 7 8 ss
1005 5 106.444 7 8 ss
1006 6 134.0051 7 8 ss
1007 7 168.7024 7 8 ss
1008 8 212.3837 7 8 ss
1009 9 267.3753 7 8 ss
1010 10 336.6055 7 8 ss
1011 11 423.7613 7 8 ss
1012 12 533.4838 7 8 ss
1013 13 671.6163 7 8 ss
1014 14 845.5149 7 8 ss
1015 15 1064.44 7 8 ss
1016 16 1340.051 7 8 ss
1017 17 1687.024 7 8 ss
1018 18 2123.837 7 8 ss
1019 19 2673.753 7 8 ss
1020 0 33.66055 7 9 ss
1021 1 42.37613 7 9 ss
1022 2 53.34838 7 9 ss
1023 3 67.16163 7 9 ss
1024 4 84.55149 7 9 ss
1025 5 106.444 7 9 ss
1026 6 134.0051 7 9 ss
1027 7 168.7024 7 9 ss
1028 8 212.3837 7 9 ss
1029 9 267.3753 7 9 ss
1030 10 336.6055 7 9 ss
1031 11 423.7613 7 9 ss
1032 12 533.4838 7 9 ss
1033 13 671.6163 7 9 ss
1034 14 845.5149 7 9 ss
1035 15 1064.44 7 9 ss
1036 16 1340.051 7 9 ss
1037 17 1687.024 7 9 ss
1038 18 2123.837 7 9 ss
1039 19 2673.753 7 9 ss
1040 0 33.66055 8 8 ss
1041 1 42.37613 8 8 ss
1042 2 53.34838 8 8 ss
1043 3 67.16163 8 8 ss
1044 4 84.55149 8 8 ss
1045 5 106.444 8 8 ss
1046 6 134.0051 8 8 ss
1047 7 168.7024 8 8 ss
1048 8 212.3837 8 8 ss
1049 9 267.3753 8 8 ss
1050 10 336.6055 8 8 ss
1051 11 423.7613 8 8 ss
1052 12 533.4838 8 8 ss
1053 13 671.6163 8 8 ss
1054 14 845.5149 8 8 ss
1055 15 1064.44 8 8 ss
1056 16 1340.051 8 8 ss
1057 17 1687.024 8 8 ss
1058 18 2123.837 8 8 ss
1059 19 2673.753 8 8 ss
1060 0 33.66055 8 9 ss
1061 1 42.37613 8 9 ss
1062 2 53.34838 8 9 ss
1063 3 67.16163 8 9 ss
1064 4 84.55149 8 9 ss
1065 5 106.444 8 9 ss
1066 6 134.0051 8 9 ss
1067 7 168.7024 8 9 ss
1068 8 212.3837 8 9 ss
1069 9 267.3753 8 9 ss
1070 10 336.6055 8 9 ss
1071 11 423.7613 8 9 ss
1072 12 533.4838 8 9 ss
1073 13 671.6163 8 9 ss
1074 14 845.5149 8 9 ss
1075 15 1064.44 8 9 ss
1076 16 1340.051 8 9 ss
1077 17 1687.024 8 9 ss
1078 18 2123.837 8 9 ss
1079 19 2673.753 8 9 ss
1080 0 33.66055 9 9 ss
1081 1 42.37613 9 9 ss
1082 2 53.34838 9 9 ss
1083 3 67.16163 9 9 ss
1084 4 84.55149 9 9 ss
1085 5 106.444 9 9 ss
1086 6 134.0051 9 9 ss
1087 7 168.7024 9 9 ss
1088 8 212.3837 9 9 ss
1089 9 267.3753 9 9 ss
1090 10 336.6055 9 9 ss
1091 11 423.7613 9 9 ss
1092 12 533.4838 9 9 ss
1093 13 671.6163 9 9 ss
1094 14 845.5149 9 9 ss
1095 15 1064.44 9 9 ss
1096 16 1340.051 9 9 ss
1097 17 1687.024 9 9 ss
1098 18 2123.837 9 9 ss
1099 19 2673.753 9 9 ss
1100 0 33.66055 0 2 ls
1101 1 42.37613 0 2 ls
1102 2 53.34838 0 2 ls
1103 3 67.16163 0 2 ls
1104 4 84.55149 0 2 ls
1105 5 106.444 0 2 ls
1106 6 134.0051 0 2 ls
1107 7 168.7024 0 2 ls
1108 8 212.3837 0 2 ls
1109 9 267.3753 0 2 ls
1110 10 336.6055 0 2 ls
1111 11 423.7613 0 2 ls
1112 12 533.4838 0 2 ls
1113 13 671.6163 0 2 ls
1114 14 845.5149 0 2 ls
1115 15 1064.44 0 2 ls
1116 16 1340.051 0 2 ls
1117 17 1687.024 0 2 ls
1118 18 2123.837 0 2 ls
1119 19 2673.753 0 2 ls
1120 0 33.66055 0 3 ls
1121 1 42.37613 0 3 ls
1122 2 53.34838 0 3 ls
1123 3 67.16163 0 3 ls
1124 4 84.55149 0 3 ls
1125 5 106.444 0 3 ls
1126 6 134.0051 0 3 ls
1127 7 168.7024 0 3 ls
1128 8 212.3837 0 3 ls
1129 9 267.3753 0 3 ls
1130 10 336.6055 0 3 ls
1131 11 423.7613 0 3 ls
1132 12 533.4838 0 3 ls
1133 13 671.6163 0 3 ls
1134 14 845.5149 0 3 ls
1135 15 1064.44 0 3 ls
1136 16 1340.051 0 3 ls
1137 17 1687.024 0 3 ls
1138 18 2123.837 0 3 ls
1139 19 2673.753 0 3 ls
1140 0 33.66055 0 4 ls
1141 1 42.37613 0 4 ls
1142 2 53.34838 0 4 ls
1143 3 67.16163 0 4 ls
1144 4 84.55149 0 4 ls
1145 5 106.444 0 4 ls
1146 6 134.0051 0 4 ls
1147 7 168.7024 0 4 ls
1148 8 212.3837 0 4 ls
1149 9 267.3753 0 4 ls
1150 10 336.6055 0 4 ls
1151 11 423.7613 0 4 ls
1152 12 533.4838 0 4 ls
1153 13 671.6163 0 4 ls
1154 14 845.5149 0 4 ls
1155 15 1064.44 0 4 ls
1156 16 1340.051 0 4 ls
1157 17 1687.024 0 4 ls
1158 18 2123.837 0 4 ls
1159 19 2673.753 0 4 ls
1160 0 33.66055 0 5 ls
1161 1 42.37613 0 5 ls
1162 2 53.34838 0 5 ls
1163 3 67.16163 0 5 ls
1164 4 84.55149 0 5 ls
1165 5 106.444 0 5 ls
1166 6 134.0051 0 5 ls
1167 7 168.7024 0 5 ls
1168 8 212.3837 0 5 ls
1169 9 267.3753 0 5 ls
1170 10 336.6055 0 5 ls
1171 11 423.7613 0 5 ls
1172 12 533.4838 0 5 ls
1173 13 671.6163 0 5 ls
1174 14 845.5149 0 5 ls
1175 15 1064.44 0 5 ls
1176 16 1340.051 0 5 ls
1177 17 1687.024 0 5 ls
1178 18 2123.837 0 5 ls
1179 19 2673.753 0 5 ls
1180 0 33.66055 0 6 ls
1181 1 42.37613 0 6 ls
1182 2 53.34838 0 6 ls
1183 3 67.16163 0 6 ls
1184 4 84.55149 0 6 ls
1185 5 106.444 0 6 ls
1186 6 134.0051 0 6 ls
1187 7 168.7024 0 6 ls
1188 8 212.3837 0 6 ls
1189 9 267.3753 0 6 ls
1190 10 336.6055 0 6 ls
1191 11 423.7613 0 6 ls
1192 12 533.4838 0 6 ls
1193 13 671.6163 0 6 ls
1194 14 845.5149 0 6 ls
1195 15 1064.44 0 6 ls
1196 16 1340.051 0 6 ls
1197 17 1687.024 0 6 ls
1198 18 2123.837 0 6 ls
1199 19 2673.753 0 6 ls
1200 0 33.66055 0 7 ls
1201 1 42.37613 0 7 ls
1202 2 53.34838 0 7 ls
1203 3 67.16163 0 7 ls
1204 4 84.55149 0 7 ls
1205 5 106.444 0 7 ls
1206 6 134.0051 0 7 ls
1207 7 168.7024 0 7 ls
1208 8 212.3837 0 7 ls
1209 9 267.3753 0 7 ls
1210 10 336.6055 0 7 ls
1211 11 423.7613 0 7 ls
1212 12 533.4838 0 7 ls
1213 13 671.6163 0 7 ls
1214 14 845.5149 0 7 ls
1215 15 1064.44 0 7 ls
1216 16 1340.051 0 7 ls
1217 17 1687.024 0 7 ls
1218 18 2123.837 0 7 ls
1219 19 2673.753 0 7 ls
1220 0 33.66055 0 8 ls
1221 1 42.37613 0 8 ls
1222 2 53.34838 0 8 ls
1223 3 67.16163 0 8 ls
1224 4 84.55149 0 8 ls
1225 5 106.444 0 8 ls
1226 6 134.0051 0 8 ls
1227 7 168.7024 0 8 ls
1228 8 212.3837 0 8 ls
1229 9 267.3753 0 8 ls
1230 10 336.6055 0 8 ls
1231 11 423.7613 0 8 ls
1232 12 533.4838 0 8 ls
1233 13 671.6163 0 8 ls
1234 14 845.5149 0 8 ls
1235 15 1064.44 0 8 ls
1236 16 1340.051 0 8 ls
1237 17 1687.024 0 8 ls
1238 18 2123.837 0 8 ls
1239 19 2673.753 0 8 ls
1240 0 33.66055 0 9 ls
1241 1 42.37613 0 9 ls
1242 2 53.34838 0 9 ls
1243 3 67.16163 0 9 ls
1244 4 84.55149 0 9 ls
1245 5 106.444 0 9 ls
1246 6 134.0051 0 9 ls
1247 7 168.7024 0 9 ls
1248 8 212.3837 0 9 ls
1249 9 267.3753 0 9 ls
1250 10 336.6055 0 9 ls
1251 11 423.7613 0 9 ls
1252 12 533.4838 0 9 ls
1253 13 671.6163 0 9 ls
1254 14 845.5149 0 9 ls
1255 15 1064.44 0 9 ls
1256 16 1340.051 0 9 ls
1257 17 1687.024 0 9 ls
1258 18 2123.837 0 9 ls
1259 19 2673.753 0 9 ls
1260 0 33.66055 1 3 ls
1261 1 42.37613 1 3 ls
1262 2 53.34838 1 3 ls
1263 3 67.16163 1 3 ls
1264 4 84.55149 1 3 ls
1265 5 106.444 1 3 ls
1266 6 134.0051 1 3 ls
1267 7 168.7024 1 3 ls
1268 8 212.3837 1 3 ls
1269 9 267.3753 1 3 ls
1270 10 336.6055 1 3 ls
1271 11 423.7613 1 3 ls
1272 12 533.4838 1 3 ls
1273 13 671.6163 1 3 ls
1274 14 845.5149 1 3 ls
1275 15 1064.44 1 3 ls
1276 16 1340.051 1 3 ls
1277 17 1687.024 1 3 ls
1278 18 2123.837 1 3 ls
1279 19 2673.753 1 3 ls
1280 0 33.66055 1 4 ls
1281 1 42.37613 1 4 ls
1282 2 53.34838 1 4 ls
1283 3 67.16163 1 4 ls
1284 4 84.55149 1 4 ls
1285 5 106.444 1 4 ls
1286 6 134.0051 1 4 ls
1287 7 168.7024 1 4 ls
1288 8 212.3837 1 4 ls
1289 9 267.3753 1 4 ls
1290 10 336.6055 1 4 ls
1291 11 423.7613 1 4 ls
1292 12 533.4838 1 4 ls
1293 13 671.6163 1 4 ls
1294 14 845.5149 1 4 ls
1295 15 1064.44 1 4 ls
1296 16 1340.051 1 4 ls
1297 17 1687.024 1 4 ls
1298 18 2123.837 1 4 ls
1299 19 2673.753 1 4 ls
1300 0 33.66055 1 5 ls
1301 1 42.37613 1 5 ls
1302 2 53.34838 1 5 ls
1303 3 67.16163 1 5 ls
1304 4 84.55149 1 5 ls
1305 5 106.444 1 5 ls
1306 6 134.0051 1 5 ls
1307 7 168.7024 1 5 ls
1308 8 212.3837 1 5 ls
1309 9 267.3753 1 5 ls
1310 10 336.6055 1 5 ls
1311 11 423.7613 1 5 ls
1312 12 533.4838 1 5 ls
1313 13 671.6163 1 5 ls
1314 14 845.5149 1 5 ls
1315 15 1064.44 1 5 ls
1316 16 1340.051 1 5 ls
1317 17 1687.024 1 5 ls
1318 18 2123.837 1 5 ls
1319 19 2673.753 1 5 ls
1320 0 33.66055 1 6 ls
1321 1 42.37613 1 6 ls
1322 2 53.34838 1 6 ls
1323 3 67.16163 1 6 ls
1324 4 84.55149 1 6 ls
1325 5 106.444 1 6 ls
1326 6 134.0051 1 6 ls
1327 7 168.7024 1 6 ls
1328 8 212.3837 1 6 ls
1329 9 267.3753 1 6 ls
1330 10 336.6055 1 6 ls
1331 11 423.7613 1 6 ls
1332 12 533.4838 1 6 ls
1333 13 671.6163 1 6 ls
1334 14 845.5149 1 6 ls
1335 15 1064.44 1 6 ls
1336 16 1340.051 1 6 ls
1337 17 1687.024 1 6 ls
1338 18 2123.837 1 6 ls
1339 19 2673.753 1 6 ls
1340 0 33.66055 1 7 ls
1341 1 42.37613 1 7 ls
1342 2 53.34838 1 7 ls
1343 3 67.16163 1 7 ls
1344 4 84.55149 1 7 ls
1345 5 106.444 1 7 ls
1346 6 134.0051 1 7 ls
1347 7 168.7024 1 7 ls
1348 8 212.3837 1 7 ls
1349 9 267.3753 1 7 ls
1350 10 336.6055 1 7 ls
1351 11 423.7613 1 7 ls
1352 12 533.4838 1 7 ls
1353 13 671.6163 1 7 ls
1354 14 845.5149 1 7 ls
1355 15 1064.44 1 7 ls
1356 16 1340.051 1 7 ls
1357 17 1687.024 1 7 ls
1358 18 2123.837 1 7 ls
1359 19 2673.753 1 7 ls
1360 0 33.66055 1 8 ls
1361 1 42.37613 1 8 ls
1362 2 53.34838 1 8 ls
1363 3 67.16163 1 8 ls
1364 4 84.55149 1 8 ls
1365 5 106.444 1 8 ls
1366 6 134.0051 1 8 ls
1367 7 168.7024 1 8 ls
1368 8 212.3837 1 8 ls
1369 9 267.3753 1 8 ls
1370 10 336.6055 1 8 ls
1371 11 423.7613 1 8 ls
1372 12 533.4838 1 8 ls
1373 13 671.6163 1 8 ls
1374 14 845.5149 1 8 ls
1375 15 1064.44 1 8 ls
1376 16 1340.051 1 8 ls
1377 17 1687.024 1 8 ls
1378 18 2123.837 1 8 ls
1379 19 2673.753 1 8 ls
1380 0 33.66055 1 9 ls
1381 1 42.37613 1 9 ls
1382 2 53.34838 1 9 ls
1383 3 67.16163 1 9 ls
1384 4 84.55149 1 9 ls
1385 5 106.444 1 9 ls
1386 6 134.0051 1 9 ls
1387 7 168.7024 1 9 ls
1388 8 212.3837 1 9 ls
1389 9 267.3753 1 9 ls
1390 10 336.6055 1 9 ls
1391 11 423.7613 1 9 ls
1392 12 533.4838 1 9 ls
1393 13 671.6163 1 9 ls
1394 14 845.5149 1 9 ls
1395 15 1064.44 1 9 ls
1396 16 1340.051 1 9 ls
1397 17 1687.024 1 9 ls
1398 18 2123.837 1 9 ls
1399 19 2673.753 1 9 ls
1400 0 33.66055 2 4 ls
1401 1 42.37613 2 4 ls
1402 2 53.34838 2 4 ls
1403 3 67.16163 2 4 ls
1404 4 84.55149 2 4 ls
1405 5 106.444 2 4 ls
1406 6 134.0051 2 4 ls
1407 7 168.7024 2 4 ls
1408 8 212.3837 2 4 ls
1409 9 267.3753 2 4 ls
1410 10 336.6055 2 4 ls
1411 11 423.7613 2 4 ls
1412 12 533.4838 2 4 ls
1413 13 671.6163 2 4 ls
1414 14 845.5149 2 4 ls
1415 15 1064.44 2 4 ls
1416 16 1340.051 2 4 ls
1417 17 1687.024 2 4 ls
1418 18 2123.837 2 4 ls
1419 19 2673.753 2 4 ls
1420 0 33.66055 2 5 ls
1421 1 42.37613 2 5 ls
1422 2 53.34838 2 5 ls
1423 3 67.16163 2 5 ls
1424 4 84.55149 2 5 ls
1425 5 106.444 2 5 ls
1426 6 134.0051 2 5 ls
1427 7 168.7024 2 5 ls
1428 8 212.3837 2 5 ls
1429 9 267.3753 2 5 ls
1430 10 336.6055 2 5 ls
1431 11 423.7613 2 5 ls
1432 12 533.4838 2 5 ls
1433 13 671.6163 2 5 ls
1434 14 845.5149 2 5 ls
1435 15 1064.44 2 5 ls
1436 16 1340.051 2 5 ls
1437 17 1687.024 2 5 ls
1438 18 2123.837 2 5 ls
1439 19 2673.753 2 5 ls
1440 0 33.66055 2 6 ls
1441 1 42.37613 2 6 ls
1442 2 53.34838 2 6 ls
1443 3 67.16163 2 6 ls
1444 4 84.55149 2 6 ls
1445 5 106.444 2 6 ls
1446 6 134.0051 2 6 ls
1447 7 168.7024 2 6 ls
1448 8 212.3837 2 6 ls
1449 9 267.3753 2 6 ls
1450 10 336.6055 2 6 ls
1451 11 423.7613 2 6 ls
1452 12 533.4838 2 6 ls
1453 13 671.6163 2 6 ls
1454 14 845.5149 2 6 ls
1455 15 1064.44 2 6 ls
1456 16 1340.051 2 6 ls
1457 17 1687.024 2 6 ls
1458 18 2123.837 2 6 ls
1459 19 2673.753 2 6 ls
1460 0 33.66055 2 7 ls
1461 1 42.37613 2 7 ls
1462 2 53.34838 2 7 ls
1463 3 67.16163 2 7 ls
1464 4 84.55149 2 7 ls
1465 5 106.444 2 7 ls
1466 6 134.0051 2 7 ls
1467 7 168.7024 2 7 ls
1468 8 212.3837 2 7 ls
1469 9 267.3753 2 7 ls
1470 10 336.6055 2 7 ls
1471 11 423.7613 2 7 ls
1472 12 533.4838 2 7 ls
1473 13 671.6163 2 7 ls
1474 14 845.5149 2 7 ls
1475 15 1064.44 2 7 ls
1476 16 1340.051 2 7 ls
1477 17 1687.024 2 7 ls
1478 18 2123.837 2 7 ls
1479 19 2673.753 2 7 ls
1480 0 33.66055 2 8 ls
1481 1 42.37613 2 8 ls
1482 2 53.34838 2 8 ls
1483 3 67.16163 2 8 ls
1484 4 84.55149 2 8 ls
1485 5 106.444 2 8 ls
1486 6 134.0051 2 8 ls
1487 7 168.7024 2 8 ls
1488 8 212.3837 2 8 ls
1489 9 267.3753 2 8 ls
1490 10 336.6055 2 8 ls
1491 11 423.7613 2 8 ls
1492 12 533.4838 2 8 ls
1493 13 671.6163 2 8 ls
1494 14 845.5149 2 8 ls
1495 15 1064.44 2 8 ls
1496 16 1340.051 2 8 ls
1497 17 1687.024 2 8 ls
1498 18 2123.837 2 8 ls
1499 19 2673.753 2 8 ls
1500 0 33.66055 2 9 ls
1501 1 42.37613 2 9 ls
1502 2 53.34838 2 9 ls
1503 3 67.16163 2 9 ls
1504 4 84.55149 2 9 ls
1505 5 106.444 2 9 ls
1506 6 134.0051 2 9 ls
1507 7 168.7024 2 9 ls
1508 8 212.3837 2 9 ls
1509 9 267.3753 2 9 ls
1510 10 336.6055 2 9 ls
1511 11 423.7613 2 9 ls
1512 12 533.4838 2 9 ls
1513 13 671.6163 2 9 ls
1514 14 845.5149 2 9 ls
1515 15 1064.44 2 9 ls
1516 16 1340.051 2 9 ls
1517 17 1687.024 2 9 ls
1518 18 2123.837 2 9 ls
1519 19 2673.753 2 9 ls
1520 0 33.66055 3 6 ls
1521 1 42.37613 3 6 ls
1522 2 53.34838 3 6 ls
1523 3 67.16163 3 6 ls
1524 4 84.55149 3 6 ls
1525 5 106.444 3 6 ls
1526 6 134.0051 3 6 ls
1527 7 168.7024 3 6 ls
1528 8 212.3837 3 6 ls
1529 9 267.3753 3 6 ls
1530 10 336.6055 3 6 ls
1531 11 423.7613 3 6 ls
1532 12 533.4838 3 6 ls
1533 13 671.6163 3 6 ls
1534 14 845.5149 3 6 ls
1535 15 1064.44 3 6 ls
1536 16 1340.051 3 6 ls
1537 17 1687.024 3 6 ls
1538 18 2123.837 3 6 ls
1539 19 2673.753 3 6 ls
1540 0 33.66055 3 7 ls
1541 1 42.37613 3 7 ls
1542 2 53.34838 3 7 ls
1543 3 67.16163 3 7 ls
1544 4 84.55149 3 7 ls
1545 5 106.444 3 7 ls
1546 6 134.0051 3 7 ls
1547 7 168.7024 3 7 ls
1548 8 212.3837 3 7 ls
1549 9 267.3753 3 7 ls
1550 10 336.6055 3 7 ls
1551 11 423.7613 3 7 ls
1552 12 533.4838 3 7 ls
1553 13 671.6163 3 7 ls
1554 14 845.5149 3 7 ls
1555 15 1064.44 3 7 ls
1556 16 1340.051 3 7 ls
1557 17 1687.024 3 7 ls
1558 18 2123.837 3 7 ls
1559 19 2673.753 3 7 ls
1560 0 33.66055 3 8 ls
1561 1 42.37613 3 8 ls
1562 2 53.34838 3 8 ls
1563 3 67.16163 3 8 ls
1564 4 84.55149 3 8 ls
1565 5 106.444 3 8 ls
1566 6 134.0051 3 8 ls
1567 7 168.7024 3 8 ls
1568 8 212.3837 3 8 ls
1569 9 267.3753 3 8 ls
1570 10 336.6055 3 8 ls
1571 11 423.7613 3 8 ls
1572 12 533.4838 3 8 ls
1573 13 671.6163 3 8 ls
1574 14 845.5149 3 8 ls
1575 15 1064.44 3 8 ls
1576 16 1340.051 3 8 ls
1577 17 1687.024 3 8 ls
1578 18 2123.837 3 8 ls
1579 19 2673.753 3 8 ls
1580 0 33.66055 3 9 ls
1581 1 42.37613 3 9 ls
1582 2 53.34838 3 9 ls
1583 3 67.16163 3 9 ls
1584 4 84.55149 3 9 ls
1585 5 106.444 3 9 ls
1586 6 134.0051 3 9 ls
1587 7 168.7024 3 9 ls
1588 8 212.3837 3 9 ls
1589 9 267.3753 3 9 ls
1590 10 336.6055 3 9 ls
1591 11 423.7613 3 9 ls
1592 12 533.4838 3 9 ls
1593 13 671.6163 3 9 ls
1594 14 845.5149 3 9 ls
1595 15 1064.44 3 9 ls
1596 16 1340.051 3 9 ls
1597 17 1687.024 3 9 ls
1598 18 2123.837 3 9 ls
1599 19 2673.753 3 9 ls
1600 0 33.66055 4 7 ls
1601 1 42.37613 4 7 ls
1602 2 53.34838 4 7 ls
1603 3 67.16163 4 7 ls
1604 4 84.55149 4 7 ls
1605 5 106.444 4 7 ls
1606 6 134.0051 4 7 ls
1607 7 168.7024 4 7 ls
1608 8 212.3837 4 7 ls
1609 9 267.3753 4 7 ls
1610 10 336.6055 4 7 ls
1611 11 423.7613 4 7 ls
1612 12 533.4838 4 7 ls
1613 13 671.6163 4 7 ls
1614 14 845.5149 4 7 ls
1615 15 1064.44 4 7 ls
1616 16 1340.051 4 7 ls
1617 17 1687.024 4 7 ls
1618 18 2123.837 4 7 ls
1619 19 2673.753 4 7 ls
1620 0 33.66055 4 8 ls
1621 1 42.37613 4 8 ls
1622 2 53.34838 4 8 ls
1623 3 67.16163 4 8 ls
1624 4 84.55149 4 8 ls
1625 5 106.444 4 8 ls
1626 6 134.0051 4 8 ls
1627 7 168.7024 4 8 ls
1628 8 212.3837 4 8 ls
1629 9 267.3753 4 8 ls
1630 10 336.6055 4 8 ls
1631 11 423.7613 4 8 ls
1632 12 533.4838 4 8 ls
1633 13 671.6163 4 8 ls
1634 14 845.5149 4 8 ls
1635 15 1064.44 4 8 ls
1636 16 1340.051 4 8 ls
1637 17 1687.024 4 8 ls
1638 18 2123.837 4 8 ls
1639 19 2673.753 4 8 ls
1640 0 33.66055 4 9 ls
1641 1 42.37613 4 9 ls
1642 2 53.34838 4 9 ls
1643 3 67.16163 4 9 ls
1644 4 84.55149 4 9 ls
1645 5 106.444 4 9 ls
1646 6 134.0051 4 9 ls
1647 7 168.7024 4 9 ls
1648 8 212.3837 4 9 ls
1649 9 267.3753 4 9 ls
1650 10 336.6055 4 9 ls
1651 11 423.7613 4 9 ls
1652 12 533.4838 4 9 ls
1653 13 671.6163 4 9 ls
1654 14 845.5149 4 9 ls
1655 15 1064.44 4 9 ls
1656 16 1340.051 4 9 ls
1657 17 1687.024 4 9 ls
1658 18 2123.837 4 9 ls
1659 19 2673.753 4 9 ls
1660 0 33.66055 5 8 ls
1661 1 42.37613 5 8 ls
1662 2 53.34838 5 8 ls
1663 3 67.16163 5 8 ls
1664 4 84.55149 5 8 ls
1665 5 106.444 5 8 ls
1666 6 134.0051 5 8 ls
1667 7 168.7024 5 8 ls
1668 8 212.3837 5 8 ls
1669 9 267.3753 5 8 ls
1670 10 336.6055 5 8 ls
1671 11 423.7613 5 8 ls
1672 12 533.4838 5 8 ls
1673 13 671.6163 5 8 ls
1674 14 845.5149 5 8 ls
1675 15 1064.44 5 8 ls
1676 16 1340.051 5 8 ls
1677 17 1687.024 5 8 ls
1678 18 2123.837 5 8 ls
1679 19 2673.753 5 8 ls
1680 0 33.66055 5 9 ls
1681 1 42.37613 5 9 ls
1682 2 53.34838 5 9 ls
1683 3 67.16163 5 9 ls
1684 4 84.55149 5 9 ls
1685 5 106.444 5 9 ls
1686 6 134.0051 5 9 ls
1687 7 168.7024 5 9 ls
1688 8 212.3837 5 9 ls
1689 9 267.3753 5 9 ls
1690 10 336.6055 5 9 ls
1691 11 423.7613 5 9 ls
1692 12 533.4838 5 9 ls
1693 13 671.6163 5 9 ls
1694 14 845.5149 5 9 ls
1695 15 1064.44 5 9 ls
1696 16 1340.051 5 9 ls
1697 17 1687.024 5 9 ls
1698 18 2123.837 5 9 ls
1699 19 2673.753 5 9 ls
1700 0 33.66055 6 9 ls
1701 1 42.37613 6 9 ls
1702 2 53.34838 6 9 ls
1703 3 67.16163 6 9 ls
1704 4 84.55149 6 9 ls
1705 5 106.444 6 9 ls
1706 6 134.0051 6 9 ls
1707 7 168.7024 6 9 ls
1708 8 212.3837 6 9 ls
1709 9 267.3753 6 9 ls
1710 10 336.6055 6 9 ls
1711 11 423.7613 6 9 ls
1712 12 533.4838 6 9 ls
1713 13 671.6163 6 9 ls
1714 14 845.5149 6 9 ls
1715 15 1064.44 6 9 ls
1716 16 1340.051 6 9 ls
1717 17 1687.024 6 9 ls
1718 18 2123.837 6 9 ls
1719 19 2673.753 6 9 ls
1720 0 33.66055 7 9 ls
1721 1 42.37613 7 9 ls
1722 2 53.34838 7 9 ls
1723 3 67.16163 7 9 ls
1724 4 84.55149 7 9 ls
1725 5 106.444 7 9 ls
1726 6 134.0051 7 9 ls
1727 7 168.7024 7 9 ls
1728 8 212.3837 7 9 ls
1729 9 267.3753 7 9 ls
1730 10 336.6055 7 9 ls
1731 11 423.7613 7 9 ls
1732 12 533.4838 7 9 ls
1733 13 671.6163 7 9 ls
1734 14 845.5149 7 9 ls
1735 15 1064.44 7 9 ls
1736 16 1340.051 7 9 ls
1737 17 1687.024 7 9 ls
1738 18 2123.837 7 9 ls
1739 19 2673.753 7 9 ls
1740 0 33.66055 0 0 ll
1741 1 42.37613 0 0 ll
1742 2 53.34838 0 0 ll
1743 3 67.16163 0 0 ll
1744 4 84.55149 0 0 ll
1745 5 106.444 0 0 ll
1746 6 134.0051 0 0 ll
1747 7 168.7024 0 0 ll
1748 8 212.3837 0 0 ll
1749 9 267.3753 0 0 ll
1750 10 336.6055 0 0 ll
1751 11 423.7613 0 0 ll
1752 12 533.4838 0 0 ll
1753 13 671.6163 0 0 ll
1754 14 845.5149 0 0 ll
1755 15 1064.44 0 0 ll
1756 16 1340.051 0 0 ll
1757 17 1687.024 0 0 ll
1758 18 2123.837 0 0 ll
1759 19 2673.753 0 0 ll
1760 0 33.66055 1 1 ll
1761 1 42.37613 1 1 ll
1762 2 53.34838 1 1 ll
1763 3 67.16163 1 1 ll
1764 4 84.55149 1 1 ll
1765 5 106.444 1 1 ll
1766 6 134.0051 1 1 ll
1767 7 168.7024 1 1 ll
1768 8 212.3837 1 1 ll
1769 9 267.3753 1 1 ll
1770 10 336.6055 1 1 ll
1771 11 423.7613 1 1 ll
1772 12 533.4838 1 1 ll
1773 13 671.6163 1 1 ll
1774 14 845.5149 1 1 ll
1775 15 1064.44 1 1 ll
1776 16 1340.051 1 1 ll
1777 17 1687.024 1 1 ll
1778 18 2123.837 1 1 ll
1779 19 2673.753 1 1 ll
1780 0 33.66055 2 2 ll
1781 1 42.37613 2 2 ll
1782 2 53.34838 2 2 ll
1783 3 67.16163 2 2 ll
1784 4 84.55149 2 2 ll
1785 5 106.444 2 2 ll
1786 6 134.0051 2 2 ll
1787 7 168.7024 2 2 ll
1788 8 212.3837 2 2 ll
1789 9 267.3753 2 2 ll
1790 10 336.6055 2 2 ll
1791 11 423.7613 2 2 ll
1792 12 533.4838 2 2 ll
1793 13 671.6163 2 2 ll
1794 14 845.5149 2 2 ll
1795 15 1064.44 2 2 ll
1796 16 1340.051 2 2 ll
1797 17 1687.024 2 2 ll
1798 18 2123.837 2 2 ll
1799 19 2673.753 2 2 ll
1800 0 33.66055 3 3 ll
1801 1 42.37613 3 3 ll
1802 2 53.34838 3 3 ll
1803 3 67.16163 3 3 ll
1804 4 84.55149 3 3 ll
1805 5 106.444 3 3 ll
1806 6 134.0051 3 3 ll
1807 7 168.7024 3 3 ll
1808 8 212.3837 3 3 ll
1809 9 267.3753 3 3 ll
1810 10 336.6055 3 3 ll
1811 11 423.7613 3 3 ll
1812 12 533.4838 3 3 ll
1813 13 671.6163 3 3 ll
1814 14 845.5149 3 3 ll
1815 15 1064.44 3 3 ll
1816 16 1340.051 3 3 ll
1817 17 1687.024 3 3 ll
1818 18 2123.837 3 3 ll
1819 19 2673.753 3 3 ll
1820 0 33.66055 4 4 ll
1821 1 42.37613 4 4 ll
1822 2 53.34838 4 4 ll
1823 3 67.16163 4 4 ll
1824 4 84.55149 4 4 ll
1825 5 106.444 4 4 ll
1826 6 134.0051 4 4 ll
1827 7 168.7024 4 4 ll
1828 8 212.3837 4 4 ll
1829 9 267.3753 4 4 ll
1830 10 336.6055 4 4 ll
1831 11 423.7613 4 4 ll
1832 12 533.4838 4 4 ll
1833 13 671.6163 4 4 ll
1834 14 845.5149 4 4 ll
1835 15 1064.44 4 4 ll
1836 16 1340.051 4 4 ll
1837 17 1687.024 4 4 ll
1838 18 2123.837 4 4 ll
1839 19 2673.753 4 4 ll
1840 0 33.66055 5 5 ll
1841 1 42.37613 5 5 ll
1842 2 53.34838 5 5 ll
1843 3 67.16163 5 5 ll
1844 4 84.55149 5 5 ll
1845 5 106.444 5 5 ll
1846 6 134.0051 5 5 ll
1847 7 168.7024 5 5 ll
1848 8 212.3837 5 5 ll
1849 9 267.3753 5 5 ll
1850 10 336.6055 5 5 ll
1851 11 423.7613 5 5 ll
1852 12 533.4838 5 5 ll
1853 13 671.6163 5 5 ll
1854 14 845.5149 5 5 ll
1855 15 1064.44 5 5 ll
1856 16 1340.051 5 5 ll
1857 17 1687.024 5 5 ll
1858 18 2123.837 5 5 ll
1859 19 2673.753 5 5 ll
1860 0 33.66055 6 6 ll
1861 1 42.37613 6 6 ll
1862 2 53.34838 6 6 ll
1863 3 67.16163 6 6 ll
1864 4 84.55149 6 6 ll
1865 5 106.444 6 6 ll
1866 6 134.0051 6 6 ll
1867 7 168.7024 6 6 ll
1868 8 212.3837 6 6 ll
1869 9 267.3753 6 6 ll
1870 10 336.6055 6 6 ll
1871 11 423.7613 6 6 ll
1872 12 533.4838 6 6 ll
1873 13 671.6163 6 6 ll
1874 14 845.5149 6 6 ll
1875 15 1064.44 6 6 ll
1876 16 1340.051 6 6 ll
1877 17 1687.024 6 6 ll
1878 18 2123.837 6 6 ll
1879 19 2673.753 6 6 ll
1880 0 33.66055 7 7 ll
1881 1 42.37613 7 7 ll
1882 2 53.34838 7 7 ll
1883 3 67.16163 7 7 ll
1884 4 84.55149 7 7 ll
1885 5 106.444 7 7 ll
1886 6 134.0051 7 7 ll
1887 7 168.7024 7 7 ll
1888 8 212.3837 7 7 ll
1889 9 267.3753 7 7 ll
1890 10 336.6055 7 7 ll
1891 11 423.7613 7 7 ll
1892 12 533.4838 7 7 ll
1893 13 671.6163 7 7 ll
1894 14 845.5149 7 7 ll
1895 15 1064.44 7 7 ll
1896 16 1340.051 7 7 ll
1897 17 1687.024 7 7 ll
1898 18 2123.837 7 7 ll
1899 19 2673.753 7 7 ll
1900 0 33.66055 8 8 ll
1901 1 42.37613 8 8 ll
1902 2 53.34838 8 8 ll
1903 3 67.16163 8 8 ll
1904 4 84.55149 8 8 ll
1905 5 106.444 8 8 ll
1906 6 134.0051 8 8 ll
1907 7 168.7024 8 8 ll
1908 8 212.3837 8 8 ll
1909 9 267.3753 8 8 ll
1910 10 336.6055 8 8 ll
1911 11 423.7613 8 8 ll
1912 12 533.4838 8 8 ll
1913 13 671.6163 8 8 ll
1914 14 845.5149 8 8 ll
1915 15 1064.44 8 8 ll
1916 16 1340.051 8 8 ll
1917 17 1687.024 8 8 ll
1918 18 2123.837 8 8 ll
1919 19 2673.753 8 8 ll
1920 0 33.66055 9 9 ll
1921 1 42.37613 9 9 ll
1922 2 53.34838 9 9 ll
1923 3 67.16163 9 9 ll
1924 4 84.55149 9 9 ll
1925 5 106.444 9 9 ll
1926 6 134.0051 9 9 ll
1927 7 168.7024 9 9 ll
1928 8 212.3837 9 9 ll
1929 9 267.3753 9 9 ll
1930 10 336.6055 9 9 ll
1931 11 423.7613 9 9 ll
1932 12 533.4838 9 9 ll
1933 13 671.6163 9 9 ll
1934 14 845.5149 9 9 ll
1935 15 1064.44 9 9 ll
1936 16 1340.051 9 9 ll
1937 17 1687.024 9 9 ll
1938 18 2123.837 9 9 ll
1939 19 2673.753 9 9 ll
1940 0 33.66055 0 0 lk
1941 1 42.37613 0 0 lk
1942 2 53.34838 0 0 lk
1943 3 67.16163 0 0 lk
1944 4 84.55149 0 0 lk
1945 5 106.444 0 0 lk
1946 6 134.0051 0 0 lk
1947 7 168.7024 0 0 lk
1948 8 212.3837 0 0 lk
1949 9 267.3753 0 0 lk
1950 10 336.6055 0 0 lk
1951 11 423.7613 0 0 lk
1952 12 533.4838 0 0 lk
1953 13 671.6163 0 0 lk
1954 14 845.5149 0 0 lk
1955 15 1064.44 0 0 lk
1956 16 1340.051 0 0 lk
1957 17 1687.024 0 0 lk
1958 18 2123.837 0 0 lk
1959 19 2673.753 0 0 lk
1960 0 33.66055 1 0 lk
1961 1 42.37613 1 0 lk
1962 2 53.34838 1 0 lk
1963 3 67.16163 1 0 lk
1964 4 84.55149 1 0 lk
1965 5 106.444 1 0 lk
1966 6 134.0051 1 0 lk
1967 7 168.7024 1 0 lk
1968 8 212.3837 1 0 lk
1969 9 267.3753 1 0 lk
1970 10 336.6055 1 0 lk
1971 11 423.7613 1 0 lk
1972 12 533.4838 1 0 lk
1973 13 671.6163 1 0 lk
1974 14 845.5149 1 0 lk
1975 15 1064.44 1 0 lk
1976 16 1340.051 1 0 lk
1977 17 1687.024 1 0 lk
1978 18 2123.837 1 0 lk
1979 19 2673.753 1 0 lk
1980 0 33.66055 2 0 lk
1981 1 42.37613 2 0 lk
1982 2 53.34838 2 0 lk
1983 3 67.16163 2 0 lk
1984 4 84.55149 2 0 lk
1985 5 106.444 2 0 lk
1986 6 134.0051 2 0 lk
1987 7 168.7024 2 0 lk
1988 8 212.3837 2 0 lk
1989 9 267.3753 2 0 lk
1990 10 336.6055 2 0 lk
1991 11 423.7613 2 0 lk
1992 12 533.4838 2 0 lk
1993 13 671.6163 2 0 lk
1994 14 845.5149 2 0 lk
1995 15 1064.44 2 0 lk
1996 16 1340.051 2 0 lk
1997 17 1687.024 2 0 lk
1998 18 2123.837 2 0 lk
1999 19 2673.753 2 0 lk
2000 0 33.66055 3 0 lk
2001 1 42.37613 3 0 lk
2002 2 53.34838 3 0 lk
2003 3 67.16163 3 0 lk
2004 4 84.55149 3 0 lk
2005 5 106.444 3 0 lk
2006 6 134.0051 3 0 lk
2007 7 168.7024 3 0 lk
2008 8 212.3837 3 0 lk
2009 9 267.3753 3 0 lk
2010 10 336.6055 3 0 lk
2011 11 423.7613 3 0 lk
2012 12 533.4838 3 0 lk
2013 13 671.6163 3 0 lk
2014 14 845.5149 3 0 lk
2015 15 1064.44 3 0 lk
2016 16 1340.051 3 0 lk
2017 17 1687.024 3 0 lk
2018 18 2123.837 3 0 lk
2019 19 2673.753 3 0 lk
2020 0 33.66055 4 0 lk
2021 1 42.37613 4 0 lk
2022 2 53.34838 4 0 lk
2023 3 67.16163 4 0 lk
2024 4 84.55149 4 0 lk
2025 5 106.444 4 0 lk
2026 6 134.0051 4 0 lk
2027 7 168.7024 4 0 lk
2028 8 212.3837 4 0 lk
2029 9 267.3753 4 0 lk
2030 10 336.6055 4 0 lk
2031 11 423.7613 4 0 lk
2032 12 533.4838 4 0 lk
2033 13 671.6163 4 0 lk
2034 14 845.5149 4 0 lk
2035 15 1064.44 4 0 lk
2036 16 1340.051 4 0 lk
2037 17 1687.024 4 0 lk
2038 18 2123.837 4 0 lk
2039 19 2673.753 4 0 lk
2040 0 33.66055 5 0 lk
2041 1 42.37613 5 0 lk
2042 2 53.34838 5 0 lk
2043 3 67.16163 5 0 lk
2044 4 84.55149 5 0 lk
2045 5 106.444 5 0 lk
2046 6 134.0051 5 0 lk
2047 7 168.7024 5 0 lk
2048 8 212.3837 5 0 lk
2049 9 267.3753 5 0 lk
2050 10 336.6055 5 0 lk
2051 11 423.7613 5 0 lk
2052 12 533.4838 5 0 lk
2053 13 671.6163 5 0 lk
2054 14 845.5149 5 0 lk
2055 15 1064.44 5 0 lk
2056 16 1340.051 5 0 lk
2057 17 1687.024 5 0 lk
2058 18 2123.837 5 0 lk
2059 19 2673.753 5 0 lk
2060 0 33.66055 6 0 lk
2061 1 42.37613 6 0 lk
2062 2 53.34838 6 0 lk
2063 3 67.16163 6 0 lk
2064 4 84.55149 6 0 lk
2065 5 106.444 6 0 lk
2066 6 134.0051 6 0 lk
2067 7 168.7024 6 0 lk
2068 8 212.3837 6 0 lk
2069 9 267.3753 6 0 lk
2070 10 336.6055 6 0 lk
2071 11 423.7613 6 0 lk
2072 12 533.4838 6 0 lk
2073 13 671.6163 6 0 lk
2074 14 845.5149 6 0 lk
2075 15 1064.44 6 0 lk
2076 16 1340.051 6 0 lk
2077 17 1687.024 6 0 lk
2078 18 2123.837 6 0 lk
2079 19 2673.753 6 0 lk
2080 0 33.66055 7 0 lk
2081 1 42.37613 7 0 lk
2082 2 53.34838 7 0 lk
2083 3 67.16163 7 0 lk
2084 4 84.55149 7 0 lk
2085 5 106.444 7 0 lk
2086 6 134.0051 7 0 lk
2087 7 168.7024 7 0 lk
2088 8 212.3837 7 0 lk
2089 9 267.3753 7 0 lk
2090 10 336.6055 7 0 lk
2091 11 423.7613 7 0 lk
2092 12 533.4838 7 0 lk
2093 13 671.6163 7 0 lk
2094 14 845.5149 7 0 lk
2095 15 1064.44 7 0 lk
2096 16 1340.051 7 0 lk
2097 17 1687.024 7 0 lk
2098 18 2123.837 7 0 lk
2099 19 2673.753 7 0 lk
2100 0 33.66055 8 0 lk
2101 1 42.37613 8 0 lk
2102 2 53.34838 8 0 lk
2103 3 67.16163 8 0 lk
2104 4 84.55149 8 0 lk
2105 5 106.444 8 0 lk
2106 6 134.0051 8 0 lk
2107 7 168.7024 8 0 lk
2108 8 212.3837 8 0 lk
2109 9 267.3753 8 0 lk
2110 10 336.6055 8 0 lk
2111 11 423.7613 8 0 lk
2112 12 533.4838 8 0 lk
2113 13 671.6163 8 0 lk
2114 14 845.5149 8 0 lk
2115 15 1064.44 8 0 lk
2116 16 1340.051 8 0 lk
2117 17 1687.024 8 0 lk
2118 18 2123.837 8 0 lk
2119 19 2673.753 8 0 lk
2120 0 33.66055 9 0 lk
2121 1 42.37613 9 0 lk
2122 2 53.34838 9 0 lk
2123 3 67.16163 9 0 lk
2124 4 84.55149 9 0 lk
2125 5 106.444 9 0 lk
2126 6 134.0051 9 0 lk
2127 7 168.7024 9 0 lk
2128 8 212.3837 9 0 lk
2129 9 267.3753 9 0 lk
2130 10 336.6055 9 0 lk
2131 11 423.7613 9 0 lk
2132 12 533.4838 9 0 lk
2133 13 671.6163 9 0 lk
2134 14 845.5149 9 0 lk
2135 15 1064.44 9 0 lk
2136 16 1340.051 9 0 lk
2137 17 1687.024 9 0 lk
2138 18 2123.837 9 0 lk
2139 19 2673.753 9 0 lk
2140 0 33.66055 0 0 ks
2141 1 42.37613 0 0 ks
2142 2 53.34838 0 0 ks
2143 3 67.16163 0 0 ks
2144 4 84.55149 0 0 ks
2145 5 106.444 0 0 ks
2146 6 134.0051 0 0 ks
2147 7 168.7024 0 0 ks
2148 8 212.3837 0 0 ks
2149 9 267.3753 0 0 ks
2150 10 336.6055 0 0 ks
2151 11 423.7613 0 0 ks
2152 12 533.4838 0 0 ks
2153 13 671.6163 0 0 ks
2154 14 845.5149 0 0 ks
2155 15 1064.44 0 0 ks
2156 16 1340.051 0 0 ks
2157 17 1687.024 0 0 ks
2158 18 2123.837 0 0 ks
2159 19 2673.753 0 0 ks
2160 0 33.66055 0 1 ks
2161 1 42.37613 0 1 ks
2162 2 53.34838 0 1 ks
2163 3 67.16163 0 1 ks
2164 4 84.55149 0 1 ks
2165 5 106.444 0 1 ks
2166 6 134.0051 0 1 ks
2167 7 168.7024 0 1 ks
2168 8 212.3837 0 1 ks
2169 9 267.3753 0 1 ks
2170 10 336.6055 0 1 ks
2171 11 423.7613 0 1 ks
2172 12 533.4838 0 1 ks
2173 13 671.6163 0 1 ks
2174 14 845.5149 0 1 ks
2175 15 1064.44 0 1 ks
2176 16 1340.051 0 1 ks
2177 17 1687.024 0 1 ks
2178 18 2123.837 0 1 ks
2179 19 2673.753 0 1 ks
2180 0 33.66055 0 2 ks
2181 1 42.37613 0 2 ks
2182 2 53.34838 0 2 ks
2183 3 67.16163 0 2 ks
2184 4 84.55149 0 2 ks
2185 5 106.444 0 2 ks
2186 6 134.0051 0 2 ks
2187 7 168.7024 0 2 ks
2188 8 212.3837 0 2 ks
2189 9 267.3753 0 2 ks
2190 10 336.6055 0 2 ks
2191 11 423.7613 0 2 ks
2192 12 533.4838 0 2 ks
2193 13 671.6163 0 2 ks
2194 14 845.5149 0 2 ks
2195 15 1064.44 0 2 ks
2196 16 1340.051 0 2 ks
2197 17 1687.024 0 2 ks
2198 18 2123.837 0 2 ks
2199 19 2673.753 0 2 ks
2200 0 33.66055 0 3 ks
2201 1 42.37613 0 3 ks
2202 2 53.34838 0 3 ks
2203 3 67.16163 0 3 ks
2204 4 84.55149 0 3 ks
2205 5 106.444 0 3 ks
2206 6 134.0051 0 3 ks
2207 7 168.7024 0 3 ks
2208 8 212.3837 0 3 ks
2209 9 267.3753 0 3 ks
2210 10 336.6055 0 3 ks
2211 11 423.7613 0 3 ks
2212 12 533.4838 0 3 ks
2213 13 671.6163 0 3 ks
2214 14 845.5149 0 3 ks
2215 15 1064.44 0 3 ks
2216 16 1340.051 0 3 ks
2217 17 1687.024 0 3 ks
2218 18 2123.837 0 3 ks
2219 19 2673.753 0 3 ks
2220 0 33.66055 0 4 ks
2221 1 42.37613 0 4 ks
2222 2 53.34838 0 4 ks
2223 3 67.16163 0 4 ks
2224 4 84.55149 0 4 ks
2225 5 106.444 0 4 ks
2226 6 134.0051 0 4 ks
2227 7 168.7024 0 4 ks
2228 8 212.3837 0 4 ks
2229 9 267.3753 0 4 ks
2230 10 336.6055 0 4 ks
2231 11 423.7613 0 4 ks
2232 12 533.4838 0 4 ks
2233 13 671.6163 0 4 ks
2234 14 845.5149 0 4 ks
2235 15 1064.44 0 4 ks
2236 16 1340.051 0 4 ks
2237 17 1687.024 0 4 ks
2238 18 2123.837 0 4 ks
2239 19 2673.753 0 4 ks
2240 0 33.66055 0 5 ks
2241 1 42.37613 0 5 ks
2242 2 53.34838 0 5 ks
2243 3 67.16163 0 5 ks
2244 4 84.55149 0 5 ks
2245 5 106.444 0 5 ks
2246 6 134.0051 0 5 ks
2247 7 168.7024 0 5 ks
2248 8 212.3837 0 5 ks
2249 9 267.3753 0 5 ks
2250 10 336.6055 0 5 ks
2251 11 423.7613 0 5 ks
2252 12 533.4838 0 5 ks
2253 13 671.6163 0 5 ks
2254 14 845.5149 0 5 ks
2255 15 1064.44 0 5 ks
2256 16 1340.051 0 5 ks
2257 17 1687.024 0 5 ks
2258 18 2123.837 0 5 ks
2259 19 2673.753 0 5 ks
2260 0 33.66055 0 6 ks
2261 1 42.37613 0 6 ks
2262 2 53.34838 0 6 ks
2263 3 67.16163 0 6 ks
2264 4 84.55149 0 6 ks
2265 5 106.444 0 6 ks
2266 6 134.0051 0 6 ks
2267 7 168.7024 0 6 ks
2268 8 212.3837 0 6 ks
2269 9 267.3753 0 6 ks
2270 10 336.6055 0 6 ks
2271 11 423.7613 0 6 ks
2272 12 533.4838 0 6 ks
2273 13 671.6163 0 6 ks
2274 14 845.5149 0 6 ks
2275 15 1064.44 0 6 ks
2276 16 1340.051 0 6 ks
2277 17 1687.024 0 6 ks
2278 18 2123.837 0 6 ks
2279 19 2673.753 0 6 ks
2280 0 33.66055 0 7 ks
2281 1 42.37613 0 7 ks
2282 2 53.34838 0 7 ks
2283 3 67.16163 0 7 ks
2284 4 84.55149 0 7 ks
2285 5 106.444 0 7 ks
2286 6 134.0051 0 7 ks
2287 7 168.7024 0 7 ks
2288 8 212.3837 0 7 ks
2289 9 267.3753 0 7 ks
2290 10 336.6055 0 7 ks
2291 11 423.7613 0 7 ks
2292 12 533.4838 0 7 ks
2293 13 671.6163 0 7 ks
2294 14 845.5149 0 7 ks
2295 15 1064.44 0 7 ks
2296 16 1340.051 0 7 ks
2297 17 1687.024 0 7 ks
2298 18 2123.837 0 7 ks
2299 19 2673.753 0 7 ks
2300 0 33.66055 0 8 ks
2301 1 42.37613 0 8 ks
2302 2 53.34838 0 8 ks
2303 3 67.16163 0 8 ks
2304 4 84.55149 0 8 ks
2305 5 106.444 0 8 ks
2306 6 134.0051 0 8 ks
2307 7 168.7024 0 8 ks
2308 8 212.3837 0 8 ks
2309 9 267.3753 0 8 ks
2310 10 336.6055 0 8 ks
2311 11 423.7613 0 8 ks
2312 12 533.4838 0 8 ks
2313 13 671.6163 0 8 ks
2314 14 845.5149 0 8 ks
2315 15 1064.44 0 8 ks
2316 16 1340.051 0 8 ks
2317 17 1687.024 0 8 ks
2318 18 2123.837 0 8 ks
2319 19 2673.753 0 8 ks
2320 0 33.66055 0 9 ks
2321 1 42.37613 0 9 ks
2322 2 53.34838 0 9 ks
2323 3 67.16163 0 9 ks
2324 4 84.55149 0 9 ks
2325 5 106.444 0 9 ks
2326 6 134.0051 0 9 ks
2327 7 168.7024 0 9 ks
2328 8 212.3837 0 9 ks
2329 9 267.3753 0 9 ks
2330 10 336.6055 0 9 ks
2331 11 423.7613 0 9 ks
2332 12 533.4838 0 9 ks
2333 13 671.6163 0 9 ks
2334 14 845.5149 0 9 ks
2335 15 1064.44 0 9 ks
2336 16 1340.051 0 9 ks
2337 17 1687.024 0 9 ks
2338 18 2123.837 0 9 ks
2339 19 2673.753 0 9 ks
2340 0 33.66055 0 0 kk
2341 1 42.37613 0 0 kk
2342 2 53.34838 0 0 kk
2343 3 67.16163 0 0 kk
2344 4 84.55149 0 0 kk
2345 5 106.444 0 0 kk
2346 6 134.0051 0 0 kk
2347 7 168.7024 0 0 kk
2348 8 212.3837 0 0 kk
2349 9 267.3753 0 0 kk
2350 10 336.6055 0 0 kk
2351 11 423.7613 0 0 kk
2352 12 533.4838 0 0 kk
2353 13 671.6163 0 0 kk
2354 14 845.5149 0 0 kk
2355 15 1064.44 0 0 kk
2356 16 1340.051 0 0 kk
2357 17 1687.024 0 0 kk
2358 18 2123.837 0 0 kk
2359 19 2673.753 0 0 kk