0.02 U -0.025 -0.028 -0.055 -0.045
0.04 U -0.051 -0.058 -0.112 -0.090
0.06 U -0.079 -0.088 -0.170 -0.135
0.08 U -0.107 -0.121 -0.232 -0.179
0.10 U -0.135 -0.153 -0.296 -0.220
0.12 U -0.161 -0.185 -0.365 -0.264
0.16 U -0.213 -0.253 -0.515 -0.351
0.20 U -0.271 -0.334 -0.686 -0.437
0.24 U -0.335 -0.434 -0.880 -0.523
0.28 U -0.405 -0.559 -1.094 -0.608
0.32 U -0.478 -0.710 -1.308 -0.686
0.36 U -0.555 -0.903 -1.524 -0.760
0.40 U -0.641 -1.123 -1.718 -0.828
0.44 U -0.739 -1.375 -1.896 -0.889
0.48 U -0.866 -1.708 -2.080 -0.950
0.52 U -1.029 -2.063 -2.240 -1.005
0.60 U -1.413 -2.675 -2.503 -1.104
0.68 U -1.834 -3.184 -2.718 -1.192
0.76 U -2.350 -3.745 -2.922 -1.277
0.84 U -2.985 -4.363 -3.113 -1.355
0.92 U -3.613 -4.914 -3.273 -1.423
1.00 U -4.174 -5.365 -3.415 -1.486
1.10 U -4.835 -5.871 -3.573 -1.557
1.20 U -5.422 -6.304 -3.711 -1.620
1.30 U -5.948 -6.678 -3.835 -1.679
1.40 U -6.369 -6.971 -3.946 -1.732
1.50 U -6.735 -7.223 -4.049 -1.781
1.60 U -7.067 -7.450 -4.140 -1.822
1.70 U -7.366 -7.655 -4.223 -1.857
1.80 U -7.640 -7.842 -4.299 -1.888
1.90 U -7.896 -8.018 -4.370 -1.914
2.00 U -8.110 -8.166 -4.435 -1.938
0.02 B -0.023 -0.025 -0.045 -0.039
0.04 B -0.047 -0.052 -0.092 -0.078
0.06 B -0.071 -0.080 -0.140 -0.117
0.08 B -0.098 -0.108 -0.190 -0.157
0.10 B -0.123 -0.137 -0.243 -0.195
0.12 B -0.149 -0.167 -0.299 -0.234
0.16 B -0.201 -0.228 -0.414 -0.311
0.20 B -0.258 -0.298 -0.534 -0.385
0.24 B -0.318 -0.372 -0.657 -0.455
0.28 B -0.377 -0.448 -0.785 -0.524
0.32 B -0.437 -0.528 -0.919 -0.590
0.36 B -0.497 -0.615 -1.061 -0.658
0.40 B -0.555 -0.710 -1.214 -0.726
0.44 B -0.615 -0.817 -1.373 -0.793
0.48 B -0.681 -0.946 -1.541 -0.859
0.52 B -0.752 -1.093 -1.712 -0.922
0.60 B -0.935 -1.485 -2.069 -1.046
0.68 B -1.200 -1.995 -2.407 -1.158
0.76 B -1.569 -2.585 -2.700 -1.256
0.84 B -2.031 -3.174 -2.941 -1.341
0.92 B -2.534 -3.723 -3.139 -1.413
1.00 B -3.059 -4.238 -3.314 -1.479
1.10 B -3.702 -4.818 -3.500 -1.555
1.20 B -4.295 -5.325 -3.658 -1.619
1.30 B -4.878 -5.806 -3.800 -1.679
1.40 B -5.449 -6.263 -3.925 -1.734
1.50 B -5.975 -6.668 -4.040 -1.785
1.60 B -6.427 -7.005 -4.138 -1.831
1.70 B -6.831 -7.296 -4.227 -1.871
1.80 B -7.178 -7.542 -4.308 -1.909
1.90 B -7.488 -7.757 -4.384 -1.943
2.00 B -7.758 -7.941 -4.455 -1.973
2.10 B -8.017 -8.117 -4.523 -2.001
2.20 B -8.240 -8.270 -4.582 -2.021
2.30 B -8.432 -8.401 -4.636 -2.036
2.40 B -8.607 -8.522 -4.686 -2.046
2.50 B -8.758 -8.626 -4.732 -2.052
0.02 V -0.024 -0.026 -0.038 -0.033
0.04 V -0.048 -0.053 -0.077 -0.063
0.06 V -0.072 -0.078 -0.115 -0.094
0.08 V -0.098 -0.105 -0.154 -0.126
0.10 V -0.121 -0.130 -0.194 -0.155
0.12 V -0.144 -0.155 -0.235 -0.186
0.16 V -0.191 -0.208 -0.321 -0.249
0.20 V -0.239 -0.262 -0.413 -0.313
0.24 V -0.289 -0.321 -0.512 -0.378
0.28 V -0.339 -0.384 -0.622 -0.446
0.32 V -0.391 -0.451 -0.739 -0.514
0.36 V -0.446 -0.524 -0.858 -0.578
0.40 V -0.502 -0.599 -0.972 -0.638
0.44 V -0.558 -0.677 -1.079 -0.693
0.48 V -0.615 -0.759 -1.186 -0.744
0.52 V -0.670 -0.840 -1.287 -0.792
0.60 V -0.785 -1.015 -1.492 -0.888
0.68 V -0.913 -1.218 -1.719 -0.989
0.76 V -1.072 -1.481 -1.983 -1.099
0.84 V -1.276 -1.819 -2.278 -1.213
0.92 V -1.533 -2.209 -2.565 -1.315
1.00 V -1.867 -2.665 -2.844 -1.409
1.10 V -2.401 -3.307 -3.167 -1.512
1.20 V -3.004 -3.949 -3.429 -1.595
1.30 V -3.587 -4.506 -3.628 -1.662
1.40 V -4.120 -4.985 -3.787 -1.718
1.50 V -4.625 -5.425 -3.929 -1.772
1.60 V -5.100 -5.832 -4.053 -1.819
1.70 V -5.562 -6.222 -4.165 -1.863
1.80 V -6.012 -6.595 -4.264 -1.902
1.90 V -6.442 -6.944 -4.356 -1.939
2.00 V -6.831 -7.251 -4.436 -1.970
2.10 V -7.204 -7.536 -4.516 -2.001
2.20 V -7.528 -7.778 -4.584 -2.029
2.30 V -7.815 -7.987 -4.647 -2.049
2.40 V -8.076 -8.172 -4.704 -2.066
2.50 V -8.305 -8.332 -4.755 -2.075
3.00 V -9.146 -8.902 -4.965 -2.061
0.02 R -0.024 -0.027 -0.035 -0.028
0.04 R -0.049 -0.052 -0.070 -0.055
0.06 R -0.073 -0.078 -0.105 -0.081
0.08 R -0.097 -0.103 -0.139 -0.108
0.10 R -0.120 -0.127 -0.174 -0.134
0.12 R -0.143 -0.151 -0.209 -0.159
0.16 R -0.187 -0.199 -0.280 -0.210
0.20 R -0.232 -0.248 -0.351 -0.259
0.24 R -0.276 -0.298 -0.423 -0.307
0.28 R -0.319 -0.348 -0.498 -0.355
0.32 R -0.363 -0.397 -0.574 -0.403
0.36 R -0.406 -0.450 -0.653 -0.452
0.40 R -0.449 -0.502 -0.735 -0.502
0.44 R -0.491 -0.557 -0.818 -0.552
0.48 R -0.535 -0.616 -0.907 -0.602
0.52 R -0.579 -0.678 -0.996 -0.651
0.60 R -0.679 -0.818 -1.181 -0.751
0.68 R -0.789 -0.974 -1.368 -0.848
0.76 R -0.912 -1.150 -1.560 -0.941
0.84 R -1.049 -1.345 -1.750 -1.030
0.92 R -1.197 -1.547 -1.935 -1.113
1.00 R -1.359 -1.761 -2.117 -1.193
1.10 R -1.581 -2.047 -2.350 -1.292
1.20 R -1.827 -2.352 -2.586 -1.387
1.30 R -2.121 -2.700 -2.837 -1.483
1.40 R -2.468 -3.089 -3.092 -1.575
1.50 R -2.878 -3.522 -3.347 -1.662
1.60 R -3.329 -3.977 -3.583 -1.737
1.70 R -3.811 -4.446 -3.795 -1.802
1.80 R -4.290 -4.901 -3.976 -1.856
1.90 R -4.767 -5.340 -4.131 -1.903
2.00 R -5.208 -5.741 -4.260 -1.942
2.10 R -5.628 -6.111 -4.374 -1.976
2.20 R -6.009 -6.444 -4.468 -2.004
2.30 R -6.355 -6.739 -4.551 -2.027
2.40 R -6.671 -7.006 -4.624 -2.043
2.50 R -6.973 -7.257 -4.689 -2.053
3.00 R -8.310 -8.318 -4.950 -2.051
0.02 I -0.024 -0.027 -0.033 -0.026
0.04 I -0.050 -0.053 -0.065 -0.050
0.06 I -0.075 -0.078 -0.097 -0.074
0.08 I -0.099 -0.103 -0.130 -0.097
0.10 I -0.121 -0.126 -0.162 -0.119
0.12 I -0.144 -0.149 -0.194 -0.141
0.16 I -0.187 -0.195 -0.256 -0.184
0.20 I -0.229 -0.239 -0.319 -0.225
0.24 I -0.270 -0.284 -0.380 -0.263
0.28 I -0.310 -0.328 -0.441 -0.302
0.32 I -0.348 -0.372 -0.501 -0.338
0.36 I -0.388 -0.417 -0.562 -0.374
0.40 I -0.426 -0.461 -0.624 -0.411
0.44 I -0.463 -0.507 -0.686 -0.448
0.48 I -0.501 -0.555 -0.750 -0.485
0.52 I -0.538 -0.602 -0.813 -0.521
0.60 I -0.620 -0.708 -0.945 -0.596
0.68 I -0.708 -0.819 -1.080 -0.671
0.76 I -0.800 -0.940 -1.221 -0.748
0.84 I -0.903 -1.076 -1.368 -0.828
0.92 I -1.013 -1.222 -1.520 -0.909
1.00 I -1.137 -1.382 -1.673 -0.987
1.10 I -1.309 -1.597 -1.867 -1.081
1.20 I -1.492 -1.815 -2.047 -1.164
1.30 I -1.686 -2.036 -2.221 -1.243
1.40 I -1.884 -2.253 -2.387 -1.314
1.50 I -2.090 -2.509 -2.552 -1.384
1.60 I -2.310 -2.704 -2.723 -1.456
1.70 I -2.545 -2.948 -2.904 -1.531
1.80 I -2.801 -3.212 -3.094 -1.608
1.90 I -3.085 -3.501 -3.295 -1.683
2.00 I -3.390 -3.807 -3.497 -1.754
2.10 I -3.735 -4.145 -3.703 -1.822
2.20 I -4.096 -4.495 -3.896 -1.880
2.30 I -4.466 -4.849 -4.074 -1.927
2.40 I -4.837 -5.199 -4.230 -1.963
2.50 I -5.204 -5.541 -4.366 -1.988
3.00 I -6.794 -6.977 -4.811 -2.014
0.02 J -0.025 -0.028 -0.031 -0.024
0.04 J -0.053 -0.055 -0.062 -0.046
0.06 J -0.079 -0.081 -0.092 -0.068
0.08 J -0.104 -0.107 -0.121 -0.090
0.10 J -0.128 -0.130 -0.150 -0.109
0.12 J -0.151 -0.152 -0.179 -0.128
0.16 J -0.195 -0.195 -0.238 -0.167
0.20 J -0.235 -0.234 -0.293 -0.201
0.24 J -0.271 -0.272 -0.347 -0.232
0.28 J -0.305 -0.308 -0.400 -0.263
0.32 J -0.338 -0.344 -0.450 -0.290
0.36 J -0.371 -0.383 -0.500 -0.317
0.40 J -0.405 -0.422 -0.550 -0.343
0.44 J -0.438 -0.459 -0.598 -0.368
0.48 J -0.473 -0.500 -0.647 -0.392
0.52 J -0.506 -0.541 -0.695 -0.415
0.60 J -0.577 -0.627 -0.792 -0.464
0.68 J -0.652 -0.715 -0.885 -0.510
0.76 J -0.726 -0.803 -0.975 -0.554
0.84 J -0.805 -0.897 -1.062 -0.597
0.92 J -0.881 -0.989 -1.144 -0.636
1.00 J -0.962 -1.084 -1.225 -0.676
1.10 J -1.071 -1.209 -1.335 -0.732
1.20 J -1.181 -1.332 -1.439 -0.783
1.30 J -1.298 -1.464 -1.550 -0.838
1.40 J -1.422 -1.598 -1.665 -0.894
1.50 J -1.558 -1.743 -1.786 -0.954
1.60 J -1.698 -1.889 -1.909 -1.015
1.70 J -1.847 -2.040 -2.036 -1.078
1.80 J -2.023 -2.222 -2.196 -1.158
1.90 J -2.212 -2.416 -2.354 -1.233
2.00 J -2.411 -2.618 -2.515 -1.306
2.10 J -2.614 -2.819 -2.664 -1.369
2.20 J -2.790 -2.987 -2.785 -1.416
2.30 J -2.963 -3.152 -2.901 -1.461
2.40 J -3.098 -3.277 -2.986 -1.489
2.50 J -3.168 -3.338 -3.026 -1.493
3.00 J -3.966 -4.104 -3.601 -1.647
0.02 H -0.027 -0.029 -0.030 -0.023
0.04 H -0.056 -0.058 -0.058 -0.043
0.06 H -0.083 -0.086 -0.086 -0.064
0.08 H -0.109 -0.111 -0.115 -0.084
0.10 H -0.134 -0.134 -0.142 -0.103
0.12 H -0.158 -0.157 -0.169 -0.121
0.16 H -0.204 -0.199 -0.225 -0.156
0.20 H -0.242 -0.234 -0.277 -0.188
0.24 H -0.276 -0.267 -0.328 -0.218
0.28 H -0.306 -0.299 -0.377 -0.246
0.32 H -0.336 -0.331 -0.424 -0.272
0.36 H -0.366 -0.366 -0.471 -0.297
0.40 H -0.398 -0.401 -0.517 -0.319
0.44 H -0.428 -0.436 -0.563 -0.341
0.48 H -0.462 -0.474 -0.608 -0.361
0.52 H -0.494 -0.510 -0.652 -0.380
0.60 H -0.559 -0.585 -0.737 -0.415
0.68 H -0.625 -0.657 -0.817 -0.446
0.76 H -0.690 -0.731 -0.891 -0.472
0.84 H -0.757 -0.807 -0.960 -0.495
0.92 H -0.822 -0.884 -1.024 -0.517
1.00 H -0.890 -0.962 -1.082 -0.537
1.10 H -0.977 -1.063 -1.155 -0.563
1.20 H -1.067 -1.162 -1.223 -0.592
1.30 H -1.158 -1.259 -1.286 -0.617
1.40 H -1.251 -1.355 -1.350 -0.644
1.50 H -1.348 -1.451 -1.415 -0.672
1.60 H -1.441 -1.542 -1.478 -0.698
1.70 H -1.537 -1.634 -1.545 -0.726
1.80 H -1.634 -1.728 -1.617 -0.758
1.90 H -1.734 -1.825 -1.695 -0.790
2.00 H -1.836 -1.928 -1.777 -0.826
2.10 H -1.942 -2.029 -1.856 -0.856
2.20 H -2.049 -2.131 -1.937 -0.888
2.30 H -2.160 -2.237 -2.022 -0.920
2.40 H -2.275 -2.347 -2.112 -0.952
2.50 H -2.386 -2.452 -2.198 -0.983
3.00 H -3.162 -3.206 -2.795 -1.202
0.02 K -0.028 -0.031 -0.030 -0.022
0.04 K -0.055 -0.058 -0.057 -0.043
0.06 K -0.083 -0.086 -0.084 -0.062
0.08 K -0.110 -0.113 -0.112 -0.080
0.10 K -0.136 -0.135 -0.137 -0.100
0.12 K -0.161 -0.158 -0.164 -0.115
0.16 K -0.208 -0.201 -0.214 -0.148
0.20 K -0.246 -0.233 -0.263 -0.179
0.24 K -0.280 -0.263 -0.308 -0.207
0.28 K -0.307 -0.290 -0.352 -0.231
0.32 K -0.335 -0.318 -0.396 -0.255
0.36 K -0.363 -0.350 -0.440 -0.277
0.40 K -0.393 -0.383 -0.483 -0.297
0.44 K -0.422 -0.416 -0.526 -0.315
0.48 K -0.455 -0.450 -0.569 -0.333
0.52 K -0.486 -0.485 -0.612 -0.349
0.60 K -0.549 -0.552 -0.694 -0.378
0.68 K -0.610 -0.618 -0.770 -0.402
0.76 K -0.670 -0.683 -0.840 -0.422
0.84 K -0.731 -0.749 -0.904 -0.439
0.92 K -0.786 -0.815 -0.961 -0.452
1.00 K -0.842 -0.880 -1.014 -0.463
1.10 K -0.915 -0.965 -1.073 -0.473
1.20 K -0.986 -1.044 -1.122 -0.480
1.30 K -1.061 -1.123 -1.166 -0.485
1.40 K -1.135 -1.198 -1.204 -0.486
1.50 K -1.211 -1.273 -1.239 -0.488
1.60 K -1.287 -1.345 -1.272 -0.492
1.70 K -1.363 -1.415 -1.305 -0.496
1.80 K -1.437 -1.482 -1.339 -0.506
1.90 K -1.508 -1.549 -1.378 -0.518
2.00 K -1.576 -1.612 -1.416 -0.530
2.10 K -1.644 -1.675 -1.453 -0.539
2.20 K -1.711 -1.737 -1.496 -0.550
2.30 K -1.781 -1.800 -1.539 -0.559
2.40 K -1.846 -1.858 -1.584 -0.566
2.50 K -1.908 -1.915 -1.627 -0.571
3.00 K -2.273 -2.253 -1.874 -0.601
0.02 g -0.023 -0.026 -0.040 -0.033
0.04 g -0.048 -0.052 -0.079 -0.066
0.06 g -0.073 -0.079 -0.119 -0.099
0.08 g -0.097 -0.105 -0.161 -0.132
0.10 g -0.122 -0.131 -0.203 -0.165
0.12 g -0.145 -0.157 -0.246 -0.197
0.16 g -0.191 -0.211 -0.341 -0.265
0.20 g -0.242 -0.269 -0.444 -0.334
0.24 g -0.294 -0.332 -0.553 -0.404
0.28 g -0.349 -0.402 -0.670 -0.472
0.32 g -0.404 -0.473 -0.789 -0.538
0.36 g -0.462 -0.551 -0.913 -0.603
0.40 g -0.522 -0.632 -1.032 -0.663
0.44 g -0.577 -0.709 -1.137 -0.715
0.48 g -0.631 -0.789 -1.239 -0.763
0.52 g -0.687 -0.874 -1.349 -0.815
0.60 g -0.809 -1.075 -1.593 -0.924
0.68 g -0.950 -1.323 -1.867 -1.038
0.76 g -1.140 -1.654 -2.168 -1.153
0.84 g -1.404 -2.088 -2.489 -1.265
0.92 g -1.749 -2.597 -2.793 -1.365
1.00 g -2.161 -3.112 -3.046 -1.447
1.10 g -2.765 -3.770 -3.314 -1.534
1.20 g -3.422 -4.418 -3.535 -1.608
1.30 g -3.988 -4.930 -3.704 -1.671
1.40 g -4.462 -5.334 -3.841 -1.724
1.50 g -4.944 -5.740 -3.970 -1.776
1.60 g -5.457 -6.172 -4.090 -1.824
1.70 g -5.959 -6.587 -4.196 -1.867
1.80 g -6.398 -6.940 -4.289 -1.905
1.90 g -6.804 -7.249 -4.373 -1.942
2.00 g -7.157 -7.514 -4.450 -1.974
2.10 g -7.491 -7.758 -4.525 -2.004
2.20 g -7.795 -7.974 -4.590 -2.031
2.30 g -8.061 -8.161 -4.650 -2.053
2.40 g -8.281 -8.312 -4.705 -2.068
2.50 g -8.469 -8.441 -4.755 -2.075
3.00 g -9.237 -8.961 -4.956 -2.050
0.02 r -0.024 -0.026 -0.035 -0.028
0.04 r -0.048 -0.053 -0.071 -0.055
0.06 r -0.073 -0.077 -0.105 -0.082
0.08 r -0.097 -0.103 -0.140 -0.109
0.10 r -0.120 -0.127 -0.175 -0.135
0.12 r -0.142 -0.151 -0.210 -0.161
0.16 r -0.187 -0.199 -0.283 -0.212
0.20 r -0.233 -0.250 -0.355 -0.263
0.24 r -0.277 -0.300 -0.429 -0.312
0.28 r -0.322 -0.351 -0.505 -0.361
0.32 r -0.365 -0.401 -0.581 -0.409
0.36 r -0.408 -0.453 -0.660 -0.457
0.40 r -0.450 -0.505 -0.743 -0.507
0.44 r -0.496 -0.564 -0.836 -0.563
0.48 r -0.541 -0.629 -0.932 -0.617
0.52 r -0.589 -0.696 -1.032 -0.672
0.60 r -0.699 -0.861 -1.260 -0.793
0.68 r -0.822 -1.039 -1.466 -0.895
0.76 r -0.960 -1.232 -1.658 -0.983
0.84 r -1.085 -1.397 -1.800 -1.048
0.92 r -1.236 -1.608 -1.990 -1.132
1.00 r -1.378 -1.791 -2.141 -1.198
1.10 r -1.613 -2.095 -2.389 -1.301
1.20 r -1.912 -2.476 -2.681 -1.416
1.30 r -2.264 -2.890 -2.964 -1.520
1.40 r -2.661 -3.334 -3.236 -1.615
1.50 r -3.215 -3.912 -3.527 -1.684
1.60 r -3.714 -4.406 -3.749 -1.775
1.70 r -4.354 -5.025 -3.970 -1.839
1.80 r -4.597 -5.216 -4.055 -1.870
1.90 r -5.158 -5.732 -4.207 -1.915
2.00 r -5.545 -6.069 -4.312 -1.948
2.10 r -5.896 -6.368 -4.410 -1.980
2.20 r -6.300 -6.718 -4.504 -2.010
2.30 r -6.611 -6.978 -4.578 -2.031
2.40 r -6.905 -7.218 -4.645 -2.046
2.50 r -7.243 -7.496 -4.709 -2.056
3.00 r -8.549 -8.499 -4.961 -2.054
0.02 i -0.024 -0.027 -0.033 -0.026
0.04 i -0.049 -0.053 -0.067 -0.051
0.06 i -0.074 -0.078 -0.100 -0.076
0.08 i -0.098 -0.103 -0.133 -0.101
0.10 i -0.120 -0.127 -0.165 -0.123
0.12 i -0.142 -0.150 -0.198 -0.147
0.16 i -0.186 -0.196 -0.263 -0.192
0.20 i -0.230 -0.242 -0.329 -0.235
0.24 i -0.271 -0.288 -0.393 -0.277
0.28 i -0.313 -0.335 -0.458 -0.318
0.32 i -0.353 -0.381 -0.522 -0.358
0.36 i -0.394 -0.428 -0.589 -0.398
0.40 i -0.434 -0.476 -0.657 -0.441
0.44 i -0.473 -0.524 -0.727 -0.483
0.48 i -0.513 -0.576 -0.798 -0.523
0.52 i -0.552 -0.626 -0.867 -0.563
0.60 i -0.638 -0.740 -1.016 -0.647
0.68 i -0.733 -0.867 -1.173 -0.735
0.76 i -0.840 -1.014 -1.349 -0.830
0.84 i -0.963 -1.189 -1.544 -0.932
0.92 i -1.107 -1.388 -1.743 -1.031
1.00 i -1.257 -1.579 -1.907 -1.106
1.10 i -1.453 -1.816 -2.094 -1.188
1.20 i -1.637 -2.027 -2.250 -1.254
1.30 i -1.814 -2.224 -2.400 -1.318
1.40 i -2.030 -2.466 -2.585 -1.396
1.50 i -2.291 -2.751 -2.796 -1.482
1.60 i -2.606 -3.094 -3.045 -1.581
1.70 i -2.960 -3.464 -3.289 -1.671
1.80 i -3.345 -3.856 -3.525 -1.751
1.90 i -3.783 -4.293 -3.761 -1.825
2.00 i -4.237 -4.738 -3.971 -1.887
2.10 i -4.699 -5.175 -4.154 -1.938
2.20 i -5.118 -5.561 -4.294 -1.975
2.30 i -5.498 -5.906 -4.408 -2.002
2.40 i -5.834 -6.203 -4.500 -2.019
2.50 i -6.135 -6.466 -4.579 -2.030
3.00 i -7.518 -7.649 -4.896 -2.032