0.02 U  0.072  0.071  0.065  0.057
0.04 U  0.131  0.130  0.117  0.097
0.06 U  0.190  0.188  0.164  0.124
0.08 U  0.251  0.249  0.209  0.141
0.10 U  0.314  0.311  0.253  0.153
0.12 U  0.382  0.379  0.301  0.165
0.16 U  0.536  0.543  0.412  0.192
0.20 U  0.768  0.764  0.554  0.228
0.24 U  1.045  1.040  0.716  0.265
0.28 U  1.359  1.351  0.883  0.300
0.32 U  1.672  1.661  1.031  0.326
0.36 U  1.982  1.969  1.155  0.338
0.40 U  2.230  2.212  1.230  0.331
0.44 U  2.453  2.431  1.282  0.316
0.48 U  2.745  2.717  1.338  0.300
0.52 U  3.005  2.969  1.367  0.276
0.60 U  3.266  3.215  1.343  0.200
0.68 U  3.394  3.329  1.291  0.121
0.76 U  3.631  3.544  1.269  0.067
0.84 U  3.964  3.841  1.257  0.022
0.92 U  4.259  4.091  1.234 -0.024
1.00 U  4.466  4.254  1.201 -0.069
1.10 U  4.696  4.422  1.157 -0.124
1.20 U  4.899  4.560  1.119 -0.171
1.30 U  5.068  4.666  1.084 -0.211
1.40 U  5.138  4.693  1.028 -0.270
1.50 U  5.155  4.676  0.955 -0.345
1.60 U  5.172  4.660  0.885 -0.417
1.70 U  5.205  4.665  0.842 -0.461
1.80 U  5.249  4.682  0.815 -0.489
1.90 U  5.295  4.704  0.797 -0.509
2.00 U  5.334  4.728  0.791 -0.515
0.02 B  0.098  0.098  0.082  0.050
0.04 B  0.196  0.196  0.164  0.103
0.06 B  0.297  0.297  0.249  0.161
0.08 B  0.401  0.400  0.336  0.222
0.10 B  0.508  0.506  0.425  0.285
0.12 B  0.614  0.612  0.514  0.346
0.16 B  0.815  0.812  0.679  0.461
0.20 B  0.993  0.989  0.825  0.561
0.24 B  1.151  1.146  0.953  0.643
0.28 B  1.296  1.290  1.067  0.709
0.32 B  1.443  1.436  1.178  0.764
0.36 B  1.586  1.578  1.281  0.807
0.40 B  1.745  1.737  1.391  0.844
0.44 B  1.914  1.905  1.501  0.874
0.48 B  2.085  2.075  1.604  0.895
0.52 B  2.277  2.266  1.713  1.016
0.60 B  2.708  2.694  1.928  0.948
0.68 B  3.167  3.148  2.105  0.957
0.76 B  3.590  3.563  2.211  0.874
0.84 B  3.933  3.896  2.251  0.888
0.92 B  4.222  4.173  2.259  0.836
1.00 B  4.483  4.419  2.255  0.787
1.10 B  4.762  4.675  2.236  0.731
1.20 B  5.001  4.886  2.206  0.673
1.30 B  5.243  5.093  2.174  0.620
1.40 B  5.498  5.302  2.144  0.573
1.50 B  5.732  5.485  2.123  0.539
1.60 B  5.916  5.618  2.095  0.504
1.70 B  6.052  5.702  2.047  0.450
1.80 B  6.154  5.758  2.001  0.400
1.90 B  6.224  5.789  1.953  0.348
2.00 B  6.274  5.802  1.902  0.295
2.10 B  6.315  5.810  1.853  0.245
2.20 B  6.361  5.829  1.825  0.215
2.30 B  6.402  5.849  1.810  0.199
2.40 B  6.421  5.851  1.781  0.169
2.50 B  6.432  5.849  1.757  0.145
0.02 V  0.039  0.039  0.032  0.019
0.04 V  0.073  0.073  0.060  0.034
0.06 V  0.106  0.106  0.087  0.048
0.08 V  0.140  0.139  0.114  0.062
0.10 V  0.175  0.174  0.142  0.076
0.12 V  0.214  0.213  0.175  0.093
0.16 V  0.309  0.308  0.253  0.136
0.20 V  0.428  0.426  0.351  0.191
0.24 V  0.563  0.560  0.461  0.252
0.28 V  0.727  0.724  0.595  0.330
0.32 V  0.920  0.917  0.754  0.429
0.36 V  1.108  1.110  0.915  0.539
0.40 V  1.298  1.292  1.070  0.653
0.44 V  1.466  1.460  1.211  0.760
0.48 V  1.613  1.605  1.334  0.852
0.52 V  1.733  1.725  1.435  0.925
0.60 V  1.923  1.914  1.588  1.019
0.68 V  2.118  2.108  1.731  1.074
0.76 V  2.380  2.368  1.907  1.127
0.84 V  2.712  2.700  2.115  1.182
0.92 V  3.052  3.037  2.300  1.216
1.00 V  3.421  3.403  2.473  1.240
1.10 V  3.905  3.881  2.652  1.251
1.20 V  4.343  4.311  2.756  1.229
1.30 V  4.655  4.613  2.778  1.177
1.40 V  4.889  4.835  2.763  1.113
1.50 V  5.106  5.037  2.746  1.059
1.60 V  5.321  5.234  2.730  1.012
1.70 V  5.543  5.434  2.716  0.973
1.80 V  5.769  5.631  2.697  0.934
1.90 V  5.976  5.804  2.668  0.889
2.00 V  6.166  5.955  2.639  0.848
2.10 V  6.343  6.089  2.614  0.813
2.20 V  6.502  6.206  2.598  0.791
2.30 V  6.637  6.301  2.584  0.771
2.40 V  6.735  6.360  2.549  0.733
2.50 V  6.806  6.394  2.506  0.687
3.00 V  6.943  6.405  2.297  0.471
0.02 R  0.021  0.021  0.014  0.008
0.04 R  0.040  0.040  0.028  0.014
0.06 R  0.061  0.061  0.043  0.022
0.08 R  0.083  0.083  0.059  0.031
0.10 R  0.106  0.106  0.076  0.041
0.12 R  0.130  0.130  0.095  0.051
0.16 R  0.177  0.177  0.131  0.071
0.20 R  0.226  0.226  0.171  0.093
0.24 R  0.278  0.278  0.212  0.116
0.28 R  0.335  0.335  0.259  0.142
0.32 R  0.400  0.399  0.313  0.173
0.36 R  0.469  0.468  0.370  0.206
0.40 R  0.543  0.541  0.431  0.241
0.44 R  0.625  0.622  0.499  0.281
0.48 R  0.714  0.711  0.574  0.327
0.52 R  0.809  0.807  0.655  0.378
0.60 R  1.016  1.012  0.829  0.492
0.68 R  1.242  1.237  1.018  0.617
0.76 R  1.484  1.478  1.219  0.748
0.84 R  1.724  1.717  1.414  0.873
0.92 R  1.956  1.947  1.599  0.987
1.00 R  2.175  2.165  1.770  1.085
1.10 R  2.428  2.417  1.959  1.177
1.20 R  2.669  2.657  2.127  1.238
1.30 R  2.929  2.916  2.292  1.282
1.40 R  3.209  3.194  2.449  1.309
1.50 R  3.516  3.498  2.598  1.324
1.60 R  3.834  3.813  2.724  1.324
1.70 R  4.157  4.131  2.822  1.310
1.80 R  4.465  4.434  2.891  1.288
1.90 R  4.757  4.717  2.933  1.259
2.00 R  5.020  4.970  2.954  1.226
2.10 R  5.249  5.187  2.957  1.188
2.20 R  5.455  5.379  2.950  1.150
2.30 R  5.635  5.543  2.937  1.114
2.40 R  5.792  5.683  2.917  1.076
2.50 R  5.951  5.822  2.901  1.045
3.00 R  6.660  6.390  2.799  0.896
0.02 I  0.009  0.009  0.003 -0.001
0.04 I  0.017  0.017  0.005 -0.003
0.06 I  0.027  0.026  0.008 -0.004
0.08 I  0.037  0.037  0.013 -0.004
0.10 I  0.049  0.049  0.019 -0.002
0.12 I  0.062  0.062  0.026  0.000
0.16 I  0.087  0.088  0.039  0.005
0.20 I  0.116  0.117  0.057  0.014
0.24 I  0.145  0.147  0.075  0.022
0.28 I  0.177  0.178  0.096  0.033
0.32 I  0.208  0.210  0.119  0.045
0.36 I  0.241  0.242  0.142  0.057
0.40 I  0.274  0.275  0.167  0.070
0.44 I  0.311  0.312  0.196  0.085
0.48 I  0.350  0.351  0.227  0.103
0.52 I  0.391  0.392  0.260  0.122
0.60 I  0.474  0.475  0.327  0.159
0.68 I  0.567  0.567  0.403  0.201
0.76 I  0.678  0.677  0.495  0.253
0.84 I  0.805  0.804  0.600  0.313
0.92 I  0.953  0.951  0.723  0.386
1.00 I  1.126  1.123  0.868  0.478
1.10 I  1.364  1.361  1.069  0.611
1.20 I  1.609  1.605  1.273  0.750
1.30 I  1.851  1.845  1.472  0.885
1.40 I  2.071  2.064  1.651  1.001
1.50 I  2.275  2.266  1.812  1.098
1.60 I  2.470  2.461  1.961  1.173
1.70 I  2.663  2.653  2.100  1.230
1.80 I  2.866  2.855  2.239  1.277
1.90 I  3.081  3.069  2.374  1.312
2.00 I  3.311  3.297  2.507  1.340
2.10 I  3.560  3.544  2.637  1.360
2.20 I  3.820  3.802  2.755  1.371
2.30 I  4.081  4.061  2.855  1.372
2.40 I  4.330  4.308  2.928  1.358
2.50 I  4.574  4.545  2.984  1.340
3.00 I  5.552  5.483  3.051  1.200
0.02 J -0.007 -0.006 -0.011 -0.014
0.04 J -0.014 -0.014 -0.023 -0.029
0.06 J -0.020 -0.020 -0.034 -0.042
0.08 J -0.025 -0.024 -0.044 -0.054
0.10 J -0.028 -0.027 -0.052 -0.065
0.12 J -0.030 -0.029 -0.058 -0.074
0.16 J -0.032 -0.030 -0.068 -0.089
0.20 J -0.030 -0.028 -0.074 -0.100
0.24 J -0.029 -0.026 -0.081 -0.112
0.28 J -0.022 -0.019 -0.082 -0.118
0.32 J -0.015 -0.013 -0.083 -0.123
0.36 J -0.007 -0.004 -0.082 -0.127
0.40 J -0.002 -0.002 -0.085 -0.135
0.44 J  0.005  0.008 -0.087 -0.142
0.48 J  0.015  0.018 -0.086 -0.146
0.52 J  0.035  0.039 -0.074 -0.140
0.60 J  0.064  0.069 -0.062 -0.140
0.68 J  0.104  0.109 -0.041 -0.132
0.76 J  0.151  0.157 -0.009 -0.113
0.84 J  0.201  0.207  0.024 -0.095
0.92 J  0.237  0.243  0.049 -0.085
1.00 J  0.283  0.289  0.084 -0.066
1.10 J  0.348  0.354  0.135 -0.038
1.20 J  0.415  0.419  0.188 -0.010
1.30 J  0.498  0.503  0.257  0.031
1.40 J  0.584  0.588  0.328  0.070
1.50 J  0.681  0.684  0.407  0.114
1.60 J  0.775  0.788  0.484  0.155
1.70 J  0.882  0.884  0.572  0.203
1.80 J  1.037  1.038  0.700  0.274
1.90 J  1.221  1.222  0.851  0.365
2.00 J  1.440  1.440  1.030  0.480
2.10 J  1.656  1.655  1.206  0.595
2.20 J  1.856  1.854  1.372  0.710
2.30 J  2.067  2.064  1.545  0.834
2.40 J  2.242  2.237  1.691  0.944
2.50 J  2.325  2.320  1.769  1.013
3.00 J  2.889  2.881  2.169  1.154
0.02 H -0.002 -0.002 -0.005 -0.008
0.04 H -0.003 -0.003 -0.011 -0.017
0.06 H -0.003 -0.003 -0.016 -0.024
0.08 H -0.004 -0.003 -0.021 -0.032
0.10 H -0.006 -0.005 -0.027 -0.041
0.12 H -0.009 -0.008 -0.035 -0.052
0.16 H -0.019 -0.017 -0.053 -0.076
0.20 H -0.031 -0.029 -0.074 -0.101
0.24 H -0.049 -0.046 -0.099 -0.131
0.28 H -0.065 -0.062 -0.123 -0.159
0.32 H -0.078 -0.075 -0.143 -0.183
0.36 H -0.089 -0.086 -0.162 -0.206
0.40 H -0.100 -0.097 -0.180 -0.228
0.44 H -0.108 -0.104 -0.194 -0.247
0.48 H -0.112 -0.108 -0.206 -0.263
0.52 H -0.114 -0.110 -0.214 -0.275
0.60 H -0.111 -0.106 -0.224 -0.292
0.68 H -0.108 -0.102 -0.232 -0.307
0.76 H -0.098 -0.092 -0.234 -0.316
0.84 H -0.087 -0.081 -0.234 -0.322
0.92 H -0.076 -0.070 -0.236 -0.332
1.00 H -0.059 -0.053 -0.233 -0.337
1.10 H -0.028 -0.020 -0.217 -0.333
1.20 H  0.007  0.015 -0.200 -0.328
1.30 H  0.048  0.057 -0.175 -0.315
1.40 H  0.093  0.102 -0.144 -0.297
1.50 H  0.139  0.147 -0.113 -0.280
1.60 H  0.173  0.182 -0.088 -0.269
1.70 H  0.214  0.222 -0.056 -0.254
1.80 H  0.260  0.268 -0.021 -0.235
1.90 H  0.314  0.322  0.024 -0.211
2.00 H  0.381  0.389  0.078 -0.178
2.10 H  0.442  0.449  0.128 -0.148
2.20 H  0.505  0.512  0.180 -0.119
2.30 H  0.569  0.576  0.232 -0.091
2.40 H  0.636  0.643  0.287 -0.064
2.50 H  0.711  0.717  0.349 -0.028
3.00 H  1.383  1.386  0.896  0.287
0.02 K -0.030 -0.030 -0.032 -0.033
0.04 K -0.059 -0.059 -0.063 -0.064
0.06 K -0.083 -0.083 -0.089 -0.091
0.08 K -0.105 -0.104 -0.112 -0.114
0.10 K -0.123 -0.123 -0.131 -0.134
0.12 K -0.139 -0.139 -0.149 -0.152
0.16 K -0.170 -0.169 -0.181 -0.185
0.20 K -0.195 -0.195 -0.208 -0.213
0.24 K -0.216 -0.215 -0.231 -0.238
0.28 K -0.231 -0.230 -0.250 -0.259
0.32 K -0.236 -0.236 -0.259 -0.271
0.36 K -0.243 -0.243 -0.271 -0.288
0.40 K -0.247 -0.247 -0.281 -0.301
0.44 K -0.244 -0.244 -0.285 -0.309
0.48 K -0.246 -0.245 -0.294 -0.322
0.52 K -0.250 -0.249 -0.304 -0.337
0.60 K -0.267 -0.265 -0.334 -0.375
0.68 K -0.292 -0.289 -0.371 -0.418
0.76 K -0.313 -0.310 -0.403 -0.456
0.84 K -0.331 -0.328 -0.432 -0.491
0.92 K -0.345 -0.341 -0.456 -0.521
1.00 K -0.352 -0.348 -0.473 -0.544
1.10 K -0.353 -0.348 -0.486 -0.565
1.20 K -0.349 -0.344 -0.493 -0.578
1.30 K -0.343 -0.338 -0.498 -0.590
1.40 K -0.335 -0.330 -0.501 -0.599
1.50 K -0.324 -0.318 -0.500 -0.605
1.60 K -0.312 -0.306 -0.500 -0.612
1.70 K -0.297 -0.290 -0.497 -0.617
1.80 K -0.272 -0.265 -0.485 -0.613
1.90 K -0.249 -0.241 -0.474 -0.611
2.00 K -0.219 -0.211 -0.457 -0.604
2.10 K -0.190 -0.182 -0.440 -0.595
2.20 K -0.155 -0.146 -0.415 -0.580
2.30 K -0.120 -0.111 -0.391 -0.566
2.40 K -0.092 -0.084 -0.372 -0.558
2.50 K -0.065 -0.057 -0.352 -0.548
3.00 K  0.123  0.131 -0.203 -0.467
0.02 g  0.046  0.046  0.038  0.022
0.04 g  0.093  0.092  0.076  0.043
0.06 g  0.140  0.139  0.114  0.065
0.08 g  0.186  0.185  0.153  0.085
0.10 g  0.235  0.233  0.192  0.107
0.12 g  0.288  0.286  0.236  0.131
0.16 g  0.416  0.414  0.342  0.190
0.20 g  0.581  0.578  0.479  0.272
0.24 g  0.767  0.764  0.633  0.371
0.28 g  0.961  0.957  0.792  0.475
0.32 g  1.154  1.149  0.950  0.581
0.36 g  1.350  1.344  1.111  0.691
0.40 g  1.530  1.522  1.258  0.795
0.44 g  1.663  1.655  1.372  0.883
0.48 g  1.768  1.760  1.462  0.949
0.52 g  1.874  1.865  1.545  0.996
0.60 g  2.080  2.069  1.692  1.049
0.68 g  2.335  2.324  1.864  1.095
0.76 g  2.664  2.650  2.060  1.138
0.84 g  3.068  3.052  2.273  1.178
0.92 g  3.504  3.484  2.464  1.203
1.00 g  3.868  3.843  2.581  1.197
1.10 g  4.284  4.250  2.664  1.163
1.20 g  4.685  4.638  2.703  1.116
1.30 g  4.942  4.880  2.692  1.058
1.40 g  5.097  5.021  2.657  0.995
1.50 g  5.286  5.192  2.633  0.945
1.60 g  5.539  5.416  2.615  0.901
1.70 g  5.795  5.637  2.593  0.858
1.80 g  6.010  5.816  2.571  0.821
1.90 g  6.199  5.959  2.545  0.786
2.00 g  6.358  6.075  2.520  0.753
2.10 g  6.488  6.161  2.485  0.712
2.20 g  6.610  6.237  2.451  0.674
2.30 g  6.710  6.296  2.421  0.641
2.40 g  6.764  6.318  2.383  0.601
2.50 g  6.794  6.322  2.341  0.556
3.00 g  6.909  6.335  2.183  0.393
0.02 r  0.021  0.020  0.015  0.008
0.04 r  0.050  0.050  0.036  0.020
0.06 r  0.065  0.064  0.046  0.023
0.08 r  0.079  0.078  0.056  0.026
0.10 r  0.102  0.101  0.073  0.035
0.12 r  0.123  0.123  0.090  0.044
0.16 r  0.171  0.170  0.129  0.065
0.20 r  0.246  0.245  0.190  0.104
0.24 r  0.300  0.299  0.234  0.128
0.28 r  0.361  0.359  0.283  0.157
0.32 r  0.416  0.414  0.329  0.181
0.36 r  0.470  0.468  0.373  0.202
0.40 r  0.541  0.538  0.432  0.234
0.44 r  0.651  0.647  0.521  0.285
0.48 r  0.747  0.744  0.600  0.328
0.52 r  0.855  0.851  0.688  0.376
0.60 r  1.148  1.143  0.928  0.519
0.68 r  1.455  1.449  1.186  0.701
0.76 r  1.763  1.754  1.442  0.890
0.84 r  1.936  1.926  1.592  1.010
0.92 r  2.159  2.148  1.765  1.107
1.00 r  2.294  2.282  1.873  1.167
1.10 r  2.523  2.510  2.032  1.219
1.20 r  2.844  2.830  2.241  1.278
1.30 r  3.165  3.148  2.427  1.317
1.40 r  3.496  3.478  2.598  1.343
1.50 r  3.950  3.927  2.784  1.365
1.60 r  4.308  4.280  2.901  1.365
1.70 r  4.781  4.744  3.006  1.349
1.80 r  4.776  4.734  2.953  1.284
1.90 r  5.133  5.079  2.980  1.242
2.00 r  5.319  0.253  2.967  1.196
2.10 r  5.473  5.395  2.951  1.154
2.20 r  5.709  5.601  2.949  1.123
2.30 r  5.857  5.743  2.933  1.092
2.40 r  5.992  5.858  2.909  1.054
2.50 r  6.182  6.019  2.887  1.018
3.00 r  6.888  6.558  2.804  0.897
0.02 i  0.018  0.018  0.010  0.005
0.04 i  0.032  0.033  0.018  0.007
0.06 i  0.047  0.048  0.025  0.009
0.08 i  0.063  0.064  0.034  0.013
0.10 i  0.079  0.080  0.043  0.018
0.12 i  0.095  0.097  0.054  0.024
0.16 i  0.133  0.135  0.080  0.039
0.20 i  0.169  0.170  0.106  0.052
0.24 i  0.200  0.201  0.127  0.062
0.28 i  0.233  0.234  0.152  0.074
0.32 i  0.270  0.271  0.181  0.090
0.36 i  0.311  0.312  0.214  0.108
0.40 i  0.364  0.365  0.257  0.133
0.44 i  0.419  0.419  0.302  0.159
0.48 i  0.469  0.469  0.343  0.183
0.52 i  0.516  0.516  0.382  0.205
0.60 i  0.614  0.613  0.461  0.244
0.68 i  0.748  0.747  0.572  0.307
0.76 i  0.920  0.918  0.712  0.384
0.84 i  1.135  1.132  0.889  0.485
0.92 i  1.405  1.401  1.109  0.622
1.00 i  1.663  1.658  1.329  0.781
1.10 i  1.957  1.951  1.573  0.963
1.20 i  2.179  2.171  1.756  1.095
1.30 i  2.340  2.330  1.889  1.179
1.40 i  2.512  2.502  2.015  1.230
1.50 i  2.712  2.701  2.151  1.270
1.60 i  2.987  2.975  2.331  1.322
1.70 i  3.272  3.258  2.496  1.357
1.80 i  3.572  3.556  2.651  1.382
1.90 i  3.914  3.895  2.806  1.403
2.00 i  4.261  4.238  2.935  1.414
2.10 i  4.584  4.556  3.026  1.406
2.20 i  4.848  4.813  3.069  1.380
2.30 i  5.067  5.025  3.083  1.343
2.40 i  5.238  5.188  3.074  1.297
2.50 i  5.388  5.329  3.062  1.257
3.00 i  6.137  6.007  3.005  1.104