0.000000000000000000e+00 0.000000000000000000e+00
1.250000000000000069e-02 0.000000000000000000e+00
2.500000000000000139e-02 0.000000000000000000e+00
3.750000000000000555e-02 0.000000000000000000e+00
5.000000000000000278e-02 0.000000000000000000e+00
6.250000000000000000e-02 0.000000000000000000e+00
7.500000000000001110e-02 0.000000000000000000e+00
8.750000000000000833e-02 0.000000000000000000e+00
1.000000000000000056e-01 0.000000000000000000e+00
1.125000000000000028e-01 0.000000000000000000e+00
1.250000000000000000e-01 0.000000000000000000e+00
1.375000000000000111e-01 0.000000000000000000e+00
1.500000000000000222e-01 0.000000000000000000e+00
1.625000000000000056e-01 0.000000000000000000e+00
1.750000000000000167e-01 0.000000000000000000e+00
1.875000000000000000e-01 0.000000000000000000e+00
2.000000000000000111e-01 0.000000000000000000e+00
2.125000000000000222e-01 0.000000000000000000e+00
2.250000000000000056e-01 0.000000000000000000e+00
2.375000000000000167e-01 0.000000000000000000e+00
2.500000000000000000e-01 0.000000000000000000e+00
2.625000000000000111e-01 0.000000000000000000e+00
2.750000000000000222e-01 0.000000000000000000e+00
2.875000000000000333e-01 0.000000000000000000e+00
3.000000000000000444e-01 0.000000000000000000e+00
3.125000000000000000e-01 0.000000000000000000e+00
3.250000000000000111e-01 0.000000000000000000e+00
3.375000000000000222e-01 0.000000000000000000e+00
3.500000000000000333e-01 0.000000000000000000e+00
3.625000000000000444e-01 0.000000000000000000e+00
3.750000000000000000e-01 0.000000000000000000e+00
3.875000000000000111e-01 0.000000000000000000e+00
4.000000000000000222e-01 0.000000000000000000e+00
4.125000000000000333e-01 0.000000000000000000e+00
4.250000000000000444e-01 0.000000000000000000e+00
4.375000000000000000e-01 0.000000000000000000e+00
4.500000000000000111e-01 0.000000000000000000e+00
4.625000000000000222e-01 0.000000000000000000e+00
4.750000000000000333e-01 0.000000000000000000e+00
4.875000000000000444e-01 0.000000000000000000e+00
5.000000000000000000e-01 0.000000000000000000e+00
5.125000000000000666e-01 0.000000000000000000e+00
5.250000000000000222e-01 0.000000000000000000e+00
5.374999999999999778e-01 0.000000000000000000e+00
5.500000000000000444e-01 0.000000000000000000e+00
5.625000000000000000e-01 0.000000000000000000e+00
5.750000000000000666e-01 0.000000000000000000e+00
5.875000000000000222e-01 0.000000000000000000e+00
6.000000000000000888e-01 0.000000000000000000e+00
6.125000000000000444e-01 0.000000000000000000e+00
6.250000000000000000e-01 0.000000000000000000e+00
6.375000000000000666e-01 0.000000000000000000e+00
6.500000000000000222e-01 0.000000000000000000e+00
6.625000000000000888e-01 0.000000000000000000e+00
6.750000000000000444e-01 0.000000000000000000e+00
6.875000000000000000e-01 0.000000000000000000e+00
7.000000000000000666e-01 0.000000000000000000e+00
7.125000000000000222e-01 0.000000000000000000e+00
7.250000000000000888e-01 0.000000000000000000e+00
7.375000000000000444e-01 0.000000000000000000e+00
7.500000000000000000e-01 0.000000000000000000e+00
7.625000000000000666e-01 0.000000000000000000e+00
7.750000000000000222e-01 0.000000000000000000e+00
7.875000000000000888e-01 0.000000000000000000e+00
8.000000000000000444e-01 0.000000000000000000e+00
8.125000000000000000e-01 0.000000000000000000e+00
8.250000000000000666e-01 0.000000000000000000e+00
8.375000000000000222e-01 0.000000000000000000e+00
8.500000000000000888e-01 0.000000000000000000e+00
8.625000000000000444e-01 0.000000000000000000e+00
8.750000000000000000e-01 0.000000000000000000e+00
8.875000000000000666e-01 0.000000000000000000e+00
9.000000000000000222e-01 0.000000000000000000e+00
9.125000000000000888e-01 0.000000000000000000e+00
9.250000000000000444e-01 0.000000000000000000e+00
9.375000000000000000e-01 0.000000000000000000e+00
9.500000000000000666e-01 0.000000000000000000e+00
9.625000000000000222e-01 0.000000000000000000e+00
9.750000000000000888e-01 0.000000000000000000e+00
9.875000000000000444e-01 0.000000000000000000e+00
1.000000000000000000e+00 0.000000000000000000e+00
1.012499999999999956e+00 0.000000000000000000e+00
1.025000000000000133e+00 0.000000000000000000e+00
1.037500000000000089e+00 0.000000000000000000e+00
1.050000000000000044e+00 0.000000000000000000e+00
1.062500000000000000e+00 0.000000000000000000e+00
1.074999999999999956e+00 0.000000000000000000e+00
1.087500000000000133e+00 0.000000000000000000e+00
1.100000000000000089e+00 0.000000000000000000e+00
1.112500000000000044e+00 0.000000000000000000e+00
1.125000000000000000e+00 0.000000000000000000e+00
1.137499999999999956e+00 0.000000000000000000e+00
1.150000000000000133e+00 0.000000000000000000e+00
1.162500000000000089e+00 0.000000000000000000e+00
1.175000000000000044e+00 0.000000000000000000e+00
1.187500000000000000e+00 0.000000000000000000e+00
1.200000000000000178e+00 0.000000000000000000e+00
1.212500000000000133e+00 0.000000000000000000e+00
1.225000000000000089e+00 0.000000000000000000e+00
1.237500000000000044e+00 0.000000000000000000e+00
1.250000000000000000e+00 0.000000000000000000e+00
1.262500000000000178e+00 0.000000000000000000e+00
1.275000000000000133e+00 0.000000000000000000e+00
1.287500000000000089e+00 0.000000000000000000e+00
1.300000000000000044e+00 0.000000000000000000e+00
1.312500000000000000e+00 0.000000000000000000e+00
1.325000000000000178e+00 0.000000000000000000e+00
1.337500000000000133e+00 0.000000000000000000e+00
1.350000000000000089e+00 0.000000000000000000e+00
1.362500000000000044e+00 0.000000000000000000e+00
1.375000000000000000e+00 0.000000000000000000e+00
1.387500000000000178e+00 0.000000000000000000e+00
1.400000000000000133e+00 0.000000000000000000e+00
1.412500000000000089e+00 0.000000000000000000e+00
1.425000000000000044e+00 0.000000000000000000e+00
1.437500000000000000e+00 0.000000000000000000e+00
1.450000000000000178e+00 0.000000000000000000e+00
1.462500000000000133e+00 0.000000000000000000e+00
1.475000000000000089e+00 0.000000000000000000e+00
1.487500000000000044e+00 0.000000000000000000e+00
1.500000000000000000e+00 0.000000000000000000e+00
1.512500000000000178e+00 0.000000000000000000e+00
1.525000000000000133e+00 3.754898908393473736e-321
1.537500000000000089e+00 1.026563999999999913e-309
1.550000000000000044e+00 2.820571000000000069e-298
1.562500000000000000e+00 7.749755000000000138e-287
1.575000000000000178e+00 2.139702501081885966e-275
1.587500000000000133e+00 5.879012278941224293e-264
1.600000000000000089e+00 1.607463000000000106e-252
1.612500000000000044e+00 4.416638000000000185e-241
1.625000000000000000e+00 1.213507999999999972e-229
1.637500000000000178e+00 3.350489270730889493e-218
1.650000000000000133e+00 9.205749180624465568e-207
1.662500000000000089e+00 2.517072000000000076e-195
1.675000000000000044e+00 6.915865999999999761e-184
1.687500000000000000e+00 1.900191999999999934e-172
1.700000000000000178e+00 5.246418767806830360e-161
1.712500000000000133e+00 1.441497331070429685e-149
1.725000000000000089e+00 3.941399000000000129e-138
1.737500000000000044e+00 1.082931999999999994e-126
1.750000000000000000e+00 2.975447000000000014e-115
1.762500000000000178e+00 8.215192060233515342e-104
1.775000000000000133e+00 2.257193148611113639e-92
1.787500000000000089e+00 6.171703999999999794e-81
1.800000000000000044e+00 1.695727000000000062e-69
1.812500000000000000e+00 4.659153000000000037e-58
1.825000000000000178e+00 1.286388972805772430e-46
1.837500000000000133e+00 3.534462827959095859e-35
1.850000000000000089e+00 9.664064999999999495e-24
1.862500000000000044e+00 4.691053000000000025e-16
1.875000000000000000e+00 1.987454000000000129e-14
1.887500000000000178e+00 6.823666000003150452e-13
1.900000000000000133e+00 1.841567000000665059e-11
1.912500000000000089e+00 3.927292000000000008e-10
1.925000000000000044e+00 6.659137000000000100e-09
1.937500000000000000e+00 9.021316999999999651e-08
1.950000000000000178e+00 9.848746000001370749e-07
1.962500000000000133e+00 8.695377000000957361e-06
1.975000000000000089e+00 6.261829999999999642e-05
1.987500000000000044e+00 3.692214000000000086e-04
2.000000000000000000e+00 1.812503000000000031e-03
2.012500000000000178e+00 7.394480999999999624e-03
2.024999999999999911e+00 2.496753000000000167e-02
2.037500000000000089e+00 7.109783999999999549e-02
2.050000000000000266e+00 1.719316000000065403e-01
2.062500000000000000e+00 3.561751000000000222e-01
2.075000000000000178e+00 6.386692999999999953e-01
2.087499999999999911e+00 1.003192000000000084e+00
2.100000000000000089e+00 1.401955000000000062e+00
2.112500000000000266e+00 1.769098000000010051e+00
2.125000000000000000e+00 2.053107999999999933e+00
2.137500000000000178e+00 2.238253999999999966e+00
2.149999999999999911e+00 2.329025000000000123e+00
2.162500000000000089e+00 2.363570000000000171e+00
2.175000000000000266e+00 2.356879999999998976e+00
2.187500000000000000e+00 2.333486000000000171e+00
2.200000000000000178e+00 2.324567000000000050e+00
2.212499999999999911e+00 2.312612000000000112e+00
2.225000000000000089e+00 2.282575000000000021e+00
2.237500000000000266e+00 2.254655999999999327e+00
2.250000000000000000e+00 2.230951999999999824e+00
2.262500000000000178e+00 2.207167000000000101e+00
2.274999999999999911e+00 2.183390999999999860e+00
2.287500000000000089e+00 2.159616000000000202e+00
2.300000000000000266e+00 2.139801999999999094e+00
2.312500000000000000e+00 2.119988999999999901e+00
2.325000000000000178e+00 2.104138999999999982e+00
2.337499999999999911e+00 2.084325000000000205e+00
2.350000000000000089e+00 2.068468000000000195e+00
2.362500000000000266e+00 2.052655999999999370e+00
2.375000000000000000e+00 2.036661000000000055e+00
2.387500000000000178e+00 2.019331999999999905e+00
2.400000000000000355e+00 2.014978999999999854e+00
2.412500000000000089e+00 2.010619999999999852e+00
2.425000000000000266e+00 1.993220999999999465e+00
2.437500000000000000e+00 1.981030000000000069e+00
2.450000000000000178e+00 1.964493999999999962e+00
2.462500000000000355e+00 1.950187999999999144e+00
2.475000000000000089e+00 1.927391000000000076e+00
2.487500000000000266e+00 1.898101999999997958e+00
2.500000000000000000e+00 1.844514999999999905e+00
2.512500000000000178e+00 1.757228999999999930e+00
2.525000000000000355e+00 1.626587999999993261e+00
2.537500000000000089e+00 1.438927999999999985e+00
2.550000000000000266e+00 1.204212999999990652e+00
2.562500000000000000e+00 9.410018999999999467e-01
2.575000000000000178e+00 6.832534000000000107e-01
2.587500000000000355e+00 4.564969999999937689e-01
2.600000000000000089e+00 2.808702000000000143e-01
2.612500000000000266e+00 1.577915999999972563e-01
2.625000000000000000e+00 8.014197000000000681e-02
2.637500000000000178e+00 3.697853999999999725e-02
2.650000000000000355e+00 1.555127999999965892e-02
2.662500000000000089e+00 5.932755999999999967e-03
2.675000000000000266e+00 2.058805999999949957e-03
2.687500000000000000e+00 6.503741999999999640e-04
2.700000000000000178e+00 1.872065999999999975e-04
2.712500000000000355e+00 4.903471999999867999e-05
2.725000000000000089e+00 1.175980000000000047e-05
2.737500000000000266e+00 2.572862999999926733e-06
2.750000000000000000e+00 5.155137000000000166e-07
2.762500000000000178e+00 9.474169000000000270e-08
2.775000000000000355e+00 1.598807999999951989e-08
2.787500000000000089e+00 2.477506999999999932e-09
2.800000000000000266e+00 3.588151999999889135e-10
2.812500000000000000e+00 4.790859999999999884e-11
2.825000000000000178e+00 5.835869999999999851e-12
2.837500000000000355e+00 6.588509999999790341e-13
2.850000000000000089e+00 6.875712000000000288e-14
2.862500000000000266e+00 6.715129999999783773e-15
2.875000000000000000e+00 6.282077000000000257e-16
2.887500000000000178e+00 3.671850000000000226e-18
2.900000000000000355e+00 1.336392999999952746e-29
2.912500000000000089e+00 4.863882999999999651e-41
2.925000000000000266e+00 1.770239999999936996e-52
2.937500000000000000e+00 6.442897000000000617e-64
2.950000000000000178e+00 2.344931999999999938e-75
2.962500000000000355e+00 8.534522999999696338e-87
2.975000000000000089e+00 3.106192000000000077e-98
2.987500000000000266e+00 1.130517999999959747e-109
3.000000000000000000e+00 4.114589000000000020e-121
3.012500000000000178e+00 1.497530000000000052e-132
3.025000000000000355e+00 5.450351999999806324e-144
3.037500000000000089e+00 1.983689000000000055e-155
3.050000000000000266e+00 7.219757999999743956e-167
3.062500000000000000e+00 2.627675000000000149e-178
3.075000000000000178e+00 9.563585000000000025e-190
3.087500000000000355e+00 3.480724999999875855e-201
3.100000000000000089e+00 1.266830999999999982e-212
3.112500000000000266e+00 4.610710999999836086e-224
3.125000000000000000e+00 1.678096000000000052e-235
3.137500000000000178e+00 6.107534999999999869e-247
3.150000000000000355e+00 2.222874999999920995e-258
3.162500000000000089e+00 8.090289999999999304e-270
3.175000000000000266e+00 2.944510999999895454e-281
3.187500000000000000e+00 1.071673000000000069e-292
3.200000000000000178e+00 3.900418999999999840e-304
3.212500000000000355e+00 1.419580999247808202e-315
3.225000000000000089e+00 0.000000000000000000e+00
3.237500000000000266e+00 0.000000000000000000e+00
3.250000000000000000e+00 0.000000000000000000e+00
3.262500000000000178e+00 0.000000000000000000e+00
3.275000000000000355e+00 0.000000000000000000e+00
3.287500000000000089e+00 0.000000000000000000e+00
3.300000000000000266e+00 0.000000000000000000e+00
3.312500000000000000e+00 0.000000000000000000e+00
3.325000000000000178e+00 0.000000000000000000e+00
3.337500000000000355e+00 0.000000000000000000e+00
3.350000000000000089e+00 0.000000000000000000e+00
3.362500000000000266e+00 0.000000000000000000e+00
3.375000000000000000e+00 0.000000000000000000e+00
3.387500000000000178e+00 0.000000000000000000e+00
3.400000000000000355e+00 0.000000000000000000e+00
3.412500000000000089e+00 0.000000000000000000e+00
3.425000000000000266e+00 0.000000000000000000e+00
3.437500000000000000e+00 0.000000000000000000e+00
3.450000000000000178e+00 0.000000000000000000e+00
3.462500000000000355e+00 0.000000000000000000e+00
3.475000000000000089e+00 0.000000000000000000e+00
3.487500000000000266e+00 0.000000000000000000e+00
3.500000000000000000e+00 0.000000000000000000e+00
3.512500000000000178e+00 0.000000000000000000e+00
3.525000000000000355e+00 0.000000000000000000e+00
3.537500000000000089e+00 0.000000000000000000e+00
3.550000000000000266e+00 0.000000000000000000e+00
3.562500000000000000e+00 0.000000000000000000e+00
3.575000000000000178e+00 0.000000000000000000e+00
3.587500000000000355e+00 0.000000000000000000e+00
3.600000000000000089e+00 0.000000000000000000e+00
3.612500000000000266e+00 0.000000000000000000e+00
3.625000000000000000e+00 0.000000000000000000e+00
3.637500000000000178e+00 0.000000000000000000e+00
3.650000000000000355e+00 0.000000000000000000e+00
3.662500000000000089e+00 0.000000000000000000e+00
3.675000000000000266e+00 0.000000000000000000e+00
3.687500000000000000e+00 0.000000000000000000e+00
3.700000000000000178e+00 0.000000000000000000e+00
3.712500000000000355e+00 0.000000000000000000e+00
3.725000000000000089e+00 0.000000000000000000e+00
3.737500000000000266e+00 0.000000000000000000e+00
3.750000000000000000e+00 0.000000000000000000e+00
3.762500000000000178e+00 0.000000000000000000e+00
3.775000000000000355e+00 0.000000000000000000e+00
3.787500000000000089e+00 0.000000000000000000e+00
3.800000000000000266e+00 0.000000000000000000e+00
3.812500000000000000e+00 0.000000000000000000e+00
3.825000000000000178e+00 0.000000000000000000e+00
3.837500000000000355e+00 0.000000000000000000e+00
3.850000000000000089e+00 0.000000000000000000e+00
3.862500000000000266e+00 0.000000000000000000e+00
3.875000000000000000e+00 0.000000000000000000e+00
3.887500000000000178e+00 0.000000000000000000e+00
3.900000000000000355e+00 0.000000000000000000e+00
3.912500000000000089e+00 0.000000000000000000e+00
3.925000000000000266e+00 0.000000000000000000e+00
3.937500000000000000e+00 0.000000000000000000e+00
3.950000000000000178e+00 0.000000000000000000e+00
3.962500000000000355e+00 0.000000000000000000e+00
3.975000000000000089e+00 0.000000000000000000e+00
3.987500000000000266e+00 0.000000000000000000e+00
