0.000000000000000000e+00 0.000000000000000000e+00
1.250000000000000069e-02 0.000000000000000000e+00
2.500000000000000139e-02 0.000000000000000000e+00
3.750000000000000555e-02 0.000000000000000000e+00
5.000000000000000278e-02 0.000000000000000000e+00
6.250000000000000000e-02 0.000000000000000000e+00
7.500000000000001110e-02 0.000000000000000000e+00
8.750000000000000833e-02 0.000000000000000000e+00
1.000000000000000056e-01 0.000000000000000000e+00
1.125000000000000028e-01 0.000000000000000000e+00
1.250000000000000000e-01 0.000000000000000000e+00
1.375000000000000111e-01 0.000000000000000000e+00
1.500000000000000222e-01 0.000000000000000000e+00
1.625000000000000056e-01 0.000000000000000000e+00
1.750000000000000167e-01 0.000000000000000000e+00
1.875000000000000000e-01 0.000000000000000000e+00
2.000000000000000111e-01 0.000000000000000000e+00
2.125000000000000222e-01 0.000000000000000000e+00
2.250000000000000056e-01 0.000000000000000000e+00
2.375000000000000167e-01 0.000000000000000000e+00
2.500000000000000000e-01 0.000000000000000000e+00
2.625000000000000111e-01 0.000000000000000000e+00
2.750000000000000222e-01 0.000000000000000000e+00
2.875000000000000333e-01 0.000000000000000000e+00
3.000000000000000444e-01 0.000000000000000000e+00
3.125000000000000000e-01 0.000000000000000000e+00
3.250000000000000111e-01 0.000000000000000000e+00
3.375000000000000222e-01 0.000000000000000000e+00
3.500000000000000333e-01 0.000000000000000000e+00
3.625000000000000444e-01 0.000000000000000000e+00
3.750000000000000000e-01 0.000000000000000000e+00
3.875000000000000111e-01 0.000000000000000000e+00
4.000000000000000222e-01 0.000000000000000000e+00
4.125000000000000333e-01 0.000000000000000000e+00
4.250000000000000444e-01 0.000000000000000000e+00
4.375000000000000000e-01 0.000000000000000000e+00
4.500000000000000111e-01 0.000000000000000000e+00
4.625000000000000222e-01 0.000000000000000000e+00
4.750000000000000333e-01 0.000000000000000000e+00
4.875000000000000444e-01 0.000000000000000000e+00
5.000000000000000000e-01 0.000000000000000000e+00
5.125000000000000666e-01 0.000000000000000000e+00
5.250000000000000222e-01 0.000000000000000000e+00
5.374999999999999778e-01 0.000000000000000000e+00
5.500000000000000444e-01 0.000000000000000000e+00
5.625000000000000000e-01 0.000000000000000000e+00
5.750000000000000666e-01 0.000000000000000000e+00
5.875000000000000222e-01 0.000000000000000000e+00
6.000000000000000888e-01 0.000000000000000000e+00
6.125000000000000444e-01 0.000000000000000000e+00
6.250000000000000000e-01 0.000000000000000000e+00
6.375000000000000666e-01 0.000000000000000000e+00
6.500000000000000222e-01 0.000000000000000000e+00
6.625000000000000888e-01 0.000000000000000000e+00
6.750000000000000444e-01 0.000000000000000000e+00
6.875000000000000000e-01 0.000000000000000000e+00
7.000000000000000666e-01 0.000000000000000000e+00
7.125000000000000222e-01 0.000000000000000000e+00
7.250000000000000888e-01 0.000000000000000000e+00
7.375000000000000444e-01 0.000000000000000000e+00
7.500000000000000000e-01 0.000000000000000000e+00
7.625000000000000666e-01 0.000000000000000000e+00
7.750000000000000222e-01 0.000000000000000000e+00
7.875000000000000888e-01 0.000000000000000000e+00
8.000000000000000444e-01 0.000000000000000000e+00
8.125000000000000000e-01 0.000000000000000000e+00
8.250000000000000666e-01 0.000000000000000000e+00
8.375000000000000222e-01 0.000000000000000000e+00
8.500000000000000888e-01 0.000000000000000000e+00
8.625000000000000444e-01 0.000000000000000000e+00
8.750000000000000000e-01 0.000000000000000000e+00
8.875000000000000666e-01 0.000000000000000000e+00
9.000000000000000222e-01 0.000000000000000000e+00
9.125000000000000888e-01 0.000000000000000000e+00
9.250000000000000444e-01 0.000000000000000000e+00
9.375000000000000000e-01 1.600772692525638803e-321
9.500000000000000666e-01 3.514474949975850960e-310
9.625000000000000222e-01 7.241728765236274872e-299
9.750000000000000888e-01 1.326287992293928164e-287
9.875000000000000444e-01 1.821045595779623690e-276
1.000000000000000000e+00 2.916407255784320799e-275
1.012499999999999956e+00 7.512407097054250794e-264
1.025000000000000133e+00 1.926389589321571913e-252
1.037500000000000089e+00 4.914896715222074955e-241
1.050000000000000044e+00 1.246560248632736296e-229
1.062500000000000000e+00 3.139459487180850361e-218
1.074999999999999956e+00 7.841659956516024613e-207
1.087500000000000133e+00 1.939156584195126464e-195
1.100000000000000089e+00 4.735798559189342159e-184
1.112500000000000044e+00 1.138489245636478486e-172
1.125000000000000000e+00 2.681300803511335982e-161
1.137499999999999956e+00 6.139032471925437719e-150
1.150000000000000133e+00 1.349178105767424037e-138
1.162500000000000089e+00 2.780234494906264855e-127
1.175000000000000044e+00 5.092237576250844985e-116
1.187500000000000000e+00 6.987801575421015092e-105
1.200000000000000178e+00 1.119728012000307252e-103
1.212500000000000133e+00 2.884319787220429248e-92
1.225000000000000089e+00 7.396196755066107336e-81
1.237500000000000044e+00 1.887028965725746385e-69
1.250000000000000000e+00 4.786053260112339945e-58
1.262500000000000178e+00 1.205366807861636143e-46
1.275000000000000133e+00 3.010732236112553366e-35
1.287500000000000089e+00 7.445213952620016467e-24
1.300000000000000044e+00 5.754176853357489761e-16
1.312500000000000000e+00 6.416962902632610908e-14
1.325000000000000178e+00 4.948652294202530635e-12
1.337500000000000133e+00 2.474878786770733547e-10
1.350000000000000089e+00 8.105858781542266579e-09
1.362500000000000044e+00 1.760799600945036111e-07
1.375000000000000000e+00 2.576591608699512500e-06
1.387500000000000178e+00 2.608874685067345313e-05
1.400000000000000133e+00 1.933211214100363632e-04
1.412500000000000089e+00 1.672953540385489855e-03
1.425000000000000044e+00 1.045077697442436254e-02
1.437500000000000000e+00 4.804868129003198735e-02
1.450000000000000178e+00 1.661706192290398898e-01
1.462500000000000133e+00 4.434881251556305193e-01
1.475000000000000089e+00 9.401625069451791106e-01
1.487500000000000044e+00 1.631676318734065934e+00
1.500000000000000000e+00 2.392145749493737927e+00
1.512500000000000178e+00 3.057874713417847001e+00
1.525000000000000133e+00 3.520019927778616164e+00
1.537500000000000089e+00 3.769403733518339905e+00
1.550000000000000044e+00 3.866954808595215010e+00
1.562500000000000000e+00 3.883643967826608367e+00
1.575000000000000178e+00 3.867666808595214167e+00
1.587500000000000133e+00 3.840121270156753752e+00
1.600000000000000089e+00 3.810167396309907417e+00
1.612500000000000044e+00 3.779756453427328466e+00
1.625000000000000000e+00 3.749282977574439624e+00
1.637500000000000178e+00 3.718793654241355551e+00
1.650000000000000133e+00 3.686821131168441124e+00
1.662500000000000089e+00 3.654140147453686094e+00
1.675000000000000044e+00 3.619586438610965295e+00
1.687500000000000000e+00 3.576383885030748555e+00
1.700000000000000178e+00 3.508157271506786579e+00
1.712500000000000133e+00 3.383679923573087223e+00
1.725000000000000089e+00 3.157529950502471650e+00
1.737500000000000044e+00 2.788025883897098822e+00
1.750000000000000000e+00 2.270928909172732268e+00
1.762500000000000178e+00 1.664164670916443489e+00
1.775000000000000133e+00 1.072727861096525404e+00
1.787500000000000089e+00 5.970524011399391817e-01
1.800000000000000044e+00 2.830079471126458190e-01
1.812500000000000000e+00 1.194390910447752363e-01
1.825000000000000178e+00 4.399839849621116350e-02
1.837500000000000133e+00 1.408013473676276300e-02
1.850000000000000089e+00 3.884762428785641479e-03
1.862500000000000044e+00 9.171438267831615032e-04
1.875000000000000000e+00 1.841792067556613922e-04
1.887500000000000178e+00 3.132541723438005056e-05
1.900000000000000133e+00 4.507376473636773882e-06
1.912500000000000089e+00 5.489486768081547871e-07
1.925000000000000044e+00 5.661886318367933777e-08
1.937500000000000000e+00 4.964541503262600063e-09
1.950000000000000178e+00 3.716165450607426845e-10
1.962500000000000133e+00 2.380289878871950292e-11
1.975000000000000089e+00 1.310295249771242015e-12
1.987500000000000044e+00 6.222635266716683349e-14
2.000000000000000000e+00 2.512901152241605119e-15
2.012500000000000178e+00 1.634211452283626023e-16
2.024999999999999911e+00 8.868667051902160682e-19
2.037500000000000089e+00 4.841345606795544379e-30
2.050000000000000266e+00 2.348855282782556789e-41
2.062500000000000000e+00 1.068408170412812605e-52
2.075000000000000178e+00 4.666268791088498390e-64
2.087499999999999911e+00 1.981291689801559252e-75
2.100000000000000089e+00 8.240473735873359212e-87
2.112500000000000266e+00 3.374039409488937008e-98
2.125000000000000000e+00 1.364458191707777061e-109
2.137500000000000178e+00 5.462335381993562471e-121
2.149999999999999911e+00 2.168737995652868134e-132
2.162500000000000089e+00 8.551271626797729822e-144
2.175000000000000266e+00 3.351562771470901299e-155
2.187500000000000000e+00 1.306913737513446521e-166
2.200000000000000178e+00 2.090727514179333182e-170
2.212499999999999911e+00 3.177133979772300986e-179
2.225000000000000089e+00 2.311116895963585173e-190
2.237500000000000266e+00 1.261056039620723331e-201
2.250000000000000000e+00 6.117752715134465465e-213
2.262500000000000178e+00 2.783200825505767720e-224
2.274999999999999911e+00 1.215452235663277850e-235
2.287500000000000089e+00 5.160410455285420616e-247
2.300000000000000266e+00 2.146448709322217596e-258
2.312500000000000000e+00 8.788576401434864888e-270
2.325000000000000178e+00 3.553825075759595675e-281
2.337499999999999911e+00 1.422751130720818488e-292
2.350000000000000089e+00 5.649049782051324935e-304
2.362500000000000266e+00 2.227237333744236126e-315
2.375000000000000000e+00 0.000000000000000000e+00
2.387500000000000178e+00 0.000000000000000000e+00
2.400000000000000355e+00 0.000000000000000000e+00
2.412500000000000089e+00 0.000000000000000000e+00
2.425000000000000266e+00 0.000000000000000000e+00
2.437500000000000000e+00 0.000000000000000000e+00
2.450000000000000178e+00 0.000000000000000000e+00
2.462500000000000355e+00 0.000000000000000000e+00
2.475000000000000089e+00 0.000000000000000000e+00
2.487500000000000266e+00 0.000000000000000000e+00
2.500000000000000000e+00 0.000000000000000000e+00
2.512500000000000178e+00 0.000000000000000000e+00
2.525000000000000355e+00 0.000000000000000000e+00
2.537500000000000089e+00 0.000000000000000000e+00
2.550000000000000266e+00 0.000000000000000000e+00
2.562500000000000000e+00 0.000000000000000000e+00
2.575000000000000178e+00 0.000000000000000000e+00
2.587500000000000355e+00 0.000000000000000000e+00
2.600000000000000089e+00 0.000000000000000000e+00
2.612500000000000266e+00 0.000000000000000000e+00
2.625000000000000000e+00 0.000000000000000000e+00
2.637500000000000178e+00 0.000000000000000000e+00
2.650000000000000355e+00 0.000000000000000000e+00
2.662500000000000089e+00 0.000000000000000000e+00
2.675000000000000266e+00 0.000000000000000000e+00
2.687500000000000000e+00 0.000000000000000000e+00
2.700000000000000178e+00 0.000000000000000000e+00
2.712500000000000355e+00 0.000000000000000000e+00
2.725000000000000089e+00 0.000000000000000000e+00
2.737500000000000266e+00 0.000000000000000000e+00
2.750000000000000000e+00 0.000000000000000000e+00
2.762500000000000178e+00 0.000000000000000000e+00
2.775000000000000355e+00 0.000000000000000000e+00
2.787500000000000089e+00 0.000000000000000000e+00
2.800000000000000266e+00 0.000000000000000000e+00
2.812500000000000000e+00 0.000000000000000000e+00
2.825000000000000178e+00 0.000000000000000000e+00
2.837500000000000355e+00 0.000000000000000000e+00
2.850000000000000089e+00 0.000000000000000000e+00
2.862500000000000266e+00 0.000000000000000000e+00
2.875000000000000000e+00 0.000000000000000000e+00
2.887500000000000178e+00 0.000000000000000000e+00
2.900000000000000355e+00 0.000000000000000000e+00
2.912500000000000089e+00 0.000000000000000000e+00
2.925000000000000266e+00 0.000000000000000000e+00
2.937500000000000000e+00 0.000000000000000000e+00
2.950000000000000178e+00 0.000000000000000000e+00
2.962500000000000355e+00 0.000000000000000000e+00
2.975000000000000089e+00 0.000000000000000000e+00
2.987500000000000266e+00 0.000000000000000000e+00
3.000000000000000000e+00 0.000000000000000000e+00
3.012500000000000178e+00 0.000000000000000000e+00
3.025000000000000355e+00 0.000000000000000000e+00
3.037500000000000089e+00 0.000000000000000000e+00
3.050000000000000266e+00 0.000000000000000000e+00
3.062500000000000000e+00 0.000000000000000000e+00
3.075000000000000178e+00 0.000000000000000000e+00
3.087500000000000355e+00 0.000000000000000000e+00
3.100000000000000089e+00 0.000000000000000000e+00
3.112500000000000266e+00 0.000000000000000000e+00
3.125000000000000000e+00 0.000000000000000000e+00
3.137500000000000178e+00 0.000000000000000000e+00
3.150000000000000355e+00 0.000000000000000000e+00
3.162500000000000089e+00 0.000000000000000000e+00
3.175000000000000266e+00 0.000000000000000000e+00
3.187500000000000000e+00 0.000000000000000000e+00
3.200000000000000178e+00 0.000000000000000000e+00
3.212500000000000355e+00 0.000000000000000000e+00
3.225000000000000089e+00 0.000000000000000000e+00
3.237500000000000266e+00 0.000000000000000000e+00
3.250000000000000000e+00 0.000000000000000000e+00
3.262500000000000178e+00 0.000000000000000000e+00
3.275000000000000355e+00 0.000000000000000000e+00
3.287500000000000089e+00 0.000000000000000000e+00
3.300000000000000266e+00 0.000000000000000000e+00
3.312500000000000000e+00 0.000000000000000000e+00
3.325000000000000178e+00 0.000000000000000000e+00
3.337500000000000355e+00 0.000000000000000000e+00
3.350000000000000089e+00 0.000000000000000000e+00
3.362500000000000266e+00 0.000000000000000000e+00
3.375000000000000000e+00 0.000000000000000000e+00
3.387500000000000178e+00 0.000000000000000000e+00
3.400000000000000355e+00 0.000000000000000000e+00
3.412500000000000089e+00 0.000000000000000000e+00
3.425000000000000266e+00 0.000000000000000000e+00
3.437500000000000000e+00 0.000000000000000000e+00
3.450000000000000178e+00 0.000000000000000000e+00
3.462500000000000355e+00 0.000000000000000000e+00
3.475000000000000089e+00 0.000000000000000000e+00
3.487500000000000266e+00 0.000000000000000000e+00
3.500000000000000000e+00 0.000000000000000000e+00
3.512500000000000178e+00 0.000000000000000000e+00
3.525000000000000355e+00 0.000000000000000000e+00
3.537500000000000089e+00 0.000000000000000000e+00
3.550000000000000266e+00 0.000000000000000000e+00
3.562500000000000000e+00 0.000000000000000000e+00
3.575000000000000178e+00 0.000000000000000000e+00
3.587500000000000355e+00 0.000000000000000000e+00
3.600000000000000089e+00 0.000000000000000000e+00
3.612500000000000266e+00 0.000000000000000000e+00
3.625000000000000000e+00 0.000000000000000000e+00
3.637500000000000178e+00 0.000000000000000000e+00
3.650000000000000355e+00 0.000000000000000000e+00
3.662500000000000089e+00 0.000000000000000000e+00
3.675000000000000266e+00 0.000000000000000000e+00
3.687500000000000000e+00 0.000000000000000000e+00
3.700000000000000178e+00 0.000000000000000000e+00
3.712500000000000355e+00 0.000000000000000000e+00
3.725000000000000089e+00 0.000000000000000000e+00
3.737500000000000266e+00 0.000000000000000000e+00
3.750000000000000000e+00 0.000000000000000000e+00
3.762500000000000178e+00 0.000000000000000000e+00
3.775000000000000355e+00 0.000000000000000000e+00
3.787500000000000089e+00 0.000000000000000000e+00
3.800000000000000266e+00 0.000000000000000000e+00
3.812500000000000000e+00 0.000000000000000000e+00
3.825000000000000178e+00 0.000000000000000000e+00
3.837500000000000355e+00 0.000000000000000000e+00
3.850000000000000089e+00 0.000000000000000000e+00
3.862500000000000266e+00 0.000000000000000000e+00
3.875000000000000000e+00 0.000000000000000000e+00
3.887500000000000178e+00 0.000000000000000000e+00
3.900000000000000355e+00 0.000000000000000000e+00
3.912500000000000089e+00 0.000000000000000000e+00
3.925000000000000266e+00 0.000000000000000000e+00
3.937500000000000000e+00 0.000000000000000000e+00
3.950000000000000178e+00 0.000000000000000000e+00
3.962500000000000355e+00 0.000000000000000000e+00
3.975000000000000089e+00 0.000000000000000000e+00
3.987500000000000266e+00 0.000000000000000000e+00
