0.000000000000000000e+00 0.000000000000000000e+00
1.250000000000000069e-02 0.000000000000000000e+00
2.500000000000000139e-02 0.000000000000000000e+00
3.750000000000000555e-02 0.000000000000000000e+00
5.000000000000000278e-02 0.000000000000000000e+00
6.250000000000000000e-02 0.000000000000000000e+00
7.500000000000001110e-02 0.000000000000000000e+00
8.750000000000000833e-02 0.000000000000000000e+00
1.000000000000000056e-01 0.000000000000000000e+00
1.125000000000000028e-01 0.000000000000000000e+00
1.250000000000000000e-01 0.000000000000000000e+00
1.375000000000000111e-01 0.000000000000000000e+00
1.500000000000000222e-01 0.000000000000000000e+00
1.625000000000000056e-01 0.000000000000000000e+00
1.750000000000000167e-01 0.000000000000000000e+00
1.875000000000000000e-01 0.000000000000000000e+00
2.000000000000000111e-01 0.000000000000000000e+00
2.125000000000000222e-01 0.000000000000000000e+00
2.250000000000000056e-01 0.000000000000000000e+00
2.375000000000000167e-01 0.000000000000000000e+00
2.500000000000000000e-01 0.000000000000000000e+00
2.625000000000000111e-01 2.836307999999999829e+00
2.750000000000000222e-01 3.420876999999999946e+00
2.875000000000000333e-01 3.625501000000000307e+00
3.000000000000000444e-01 3.751391000000000364e+00
3.125000000000000000e-01 3.867230999999999863e+00
3.250000000000000111e-01 3.974877999999999911e+00
3.375000000000000222e-01 4.078540000000000276e+00
3.500000000000000333e-01 4.178258999999999723e+00
3.625000000000000444e-01 4.269727999999999746e+00
3.750000000000000000e-01 4.362263999999999697e+00
3.875000000000000111e-01 4.453738000000000419e+00
4.000000000000000222e-01 4.487187999999999732e+00
4.125000000000000333e-01 4.521437999999999846e+00
4.250000000000000444e-01 4.604269999999999641e+00
4.375000000000000000e-01 4.676084999999999603e+00
4.500000000000000111e-01 4.730535999999999852e+00
4.625000000000000222e-01 4.663733999999999824e+00
4.750000000000000333e-01 4.115402999999993483e+00
4.875000000000000444e-01 2.790457999999993444e+00
5.000000000000000000e-01 1.256296000000000079e+00
5.125000000000000666e-01 3.437412999999974739e-01
5.250000000000000222e-01 5.505191999999999725e-02
5.374999999999999778e-01 5.120941000000000382e-03
5.500000000000000444e-01 2.787644000000000038e-04
5.625000000000000000e-01 9.021605000000000507e-06
5.750000000000000666e-01 1.767397999999984338e-07
5.875000000000000222e-01 2.137758000000000054e-09
6.000000000000000888e-01 1.625870999999985692e-11
6.125000000000000444e-01 7.977735999999999753e-14
6.250000000000000000e-01 2.944375999999999963e-16
6.375000000000000666e-01 8.048063999999928209e-28
6.500000000000000222e-01 2.929142000000000051e-39
6.625000000000000888e-01 1.066078999999990485e-50
6.750000000000000444e-01 3.880060999999999875e-62
6.875000000000000000e-01 1.412172000000000056e-73
7.000000000000000666e-01 5.139686999999954071e-85
7.125000000000000222e-01 1.870621000000000007e-96
7.250000000000000888e-01 6.808237999999939429e-108
7.375000000000000444e-01 2.477900000000000118e-119
7.500000000000000000e-01 9.018470000000000734e-131
7.625000000000000666e-01 3.282326999999971042e-142
7.750000000000000222e-01 1.194622999999999948e-153
7.875000000000000888e-01 4.347903999999961246e-165
8.000000000000000444e-01 1.582447000000000097e-176
8.125000000000000000e-01 5.759410999999999436e-188
8.250000000000000666e-01 2.096172999999981648e-199
8.375000000000000222e-01 7.629151000000000354e-211
8.500000000000000888e-01 2.776675999999975154e-222
8.625000000000000444e-01 1.010588000000000067e-233
8.750000000000000000e-01 3.678097999999999655e-245
8.875000000000000666e-01 1.338665999999988082e-256
9.000000000000000222e-01 4.872158999999999563e-268
9.125000000000000888e-01 1.773251999999984323e-279
9.250000000000000444e-01 6.453860000000000053e-291
9.375000000000000000e-01 2.348922000000000068e-302
9.500000000000000666e-01 8.549045999862399691e-314
9.625000000000000222e-01 0.000000000000000000e+00
9.750000000000000888e-01 0.000000000000000000e+00
9.875000000000000444e-01 0.000000000000000000e+00
1.000000000000000000e+00 0.000000000000000000e+00
1.012499999999999956e+00 0.000000000000000000e+00
1.025000000000000133e+00 0.000000000000000000e+00
1.037500000000000089e+00 0.000000000000000000e+00
1.050000000000000044e+00 0.000000000000000000e+00
1.062500000000000000e+00 0.000000000000000000e+00
1.074999999999999956e+00 0.000000000000000000e+00
1.087500000000000133e+00 0.000000000000000000e+00
1.100000000000000089e+00 0.000000000000000000e+00
1.112500000000000044e+00 0.000000000000000000e+00
1.125000000000000000e+00 0.000000000000000000e+00
1.137499999999999956e+00 0.000000000000000000e+00
1.150000000000000133e+00 0.000000000000000000e+00
1.162500000000000089e+00 0.000000000000000000e+00
1.175000000000000044e+00 0.000000000000000000e+00
1.187500000000000000e+00 0.000000000000000000e+00
1.200000000000000178e+00 0.000000000000000000e+00
1.212500000000000133e+00 0.000000000000000000e+00
1.225000000000000089e+00 0.000000000000000000e+00
1.237500000000000044e+00 0.000000000000000000e+00
1.250000000000000000e+00 0.000000000000000000e+00
1.262500000000000178e+00 0.000000000000000000e+00
1.275000000000000133e+00 0.000000000000000000e+00
1.287500000000000089e+00 0.000000000000000000e+00
1.300000000000000044e+00 0.000000000000000000e+00
1.312500000000000000e+00 0.000000000000000000e+00
1.325000000000000178e+00 0.000000000000000000e+00
1.337500000000000133e+00 0.000000000000000000e+00
1.350000000000000089e+00 0.000000000000000000e+00
1.362500000000000044e+00 0.000000000000000000e+00
1.375000000000000000e+00 0.000000000000000000e+00
1.387500000000000178e+00 0.000000000000000000e+00
1.400000000000000133e+00 0.000000000000000000e+00
1.412500000000000089e+00 0.000000000000000000e+00
1.425000000000000044e+00 0.000000000000000000e+00
1.437500000000000000e+00 0.000000000000000000e+00
1.450000000000000178e+00 0.000000000000000000e+00
1.462500000000000133e+00 0.000000000000000000e+00
1.475000000000000089e+00 0.000000000000000000e+00
1.487500000000000044e+00 0.000000000000000000e+00
1.500000000000000000e+00 0.000000000000000000e+00
1.512500000000000178e+00 0.000000000000000000e+00
1.525000000000000133e+00 0.000000000000000000e+00
1.537500000000000089e+00 0.000000000000000000e+00
1.550000000000000044e+00 0.000000000000000000e+00
1.562500000000000000e+00 0.000000000000000000e+00
1.575000000000000178e+00 0.000000000000000000e+00
1.587500000000000133e+00 0.000000000000000000e+00
1.600000000000000089e+00 0.000000000000000000e+00
1.612500000000000044e+00 0.000000000000000000e+00
1.625000000000000000e+00 0.000000000000000000e+00
1.637500000000000178e+00 0.000000000000000000e+00
1.650000000000000133e+00 0.000000000000000000e+00
1.662500000000000089e+00 0.000000000000000000e+00
1.675000000000000044e+00 0.000000000000000000e+00
1.687500000000000000e+00 0.000000000000000000e+00
1.700000000000000178e+00 0.000000000000000000e+00
1.712500000000000133e+00 0.000000000000000000e+00
1.725000000000000089e+00 0.000000000000000000e+00
1.737500000000000044e+00 0.000000000000000000e+00
1.750000000000000000e+00 0.000000000000000000e+00
1.762500000000000178e+00 0.000000000000000000e+00
1.775000000000000133e+00 0.000000000000000000e+00
1.787500000000000089e+00 0.000000000000000000e+00
1.800000000000000044e+00 0.000000000000000000e+00
1.812500000000000000e+00 0.000000000000000000e+00
1.825000000000000178e+00 0.000000000000000000e+00
1.837500000000000133e+00 0.000000000000000000e+00
1.850000000000000089e+00 0.000000000000000000e+00
1.862500000000000044e+00 0.000000000000000000e+00
1.875000000000000000e+00 0.000000000000000000e+00
1.887500000000000178e+00 0.000000000000000000e+00
1.900000000000000133e+00 0.000000000000000000e+00
1.912500000000000089e+00 0.000000000000000000e+00
1.925000000000000044e+00 0.000000000000000000e+00
1.937500000000000000e+00 0.000000000000000000e+00
1.950000000000000178e+00 0.000000000000000000e+00
1.962500000000000133e+00 0.000000000000000000e+00
1.975000000000000089e+00 0.000000000000000000e+00
1.987500000000000044e+00 0.000000000000000000e+00
2.000000000000000000e+00 0.000000000000000000e+00
2.012500000000000178e+00 0.000000000000000000e+00
2.024999999999999911e+00 0.000000000000000000e+00
2.037500000000000089e+00 0.000000000000000000e+00
2.050000000000000266e+00 0.000000000000000000e+00
2.062500000000000000e+00 0.000000000000000000e+00
2.075000000000000178e+00 0.000000000000000000e+00
2.087499999999999911e+00 0.000000000000000000e+00
2.100000000000000089e+00 0.000000000000000000e+00
2.112500000000000266e+00 0.000000000000000000e+00
2.125000000000000000e+00 0.000000000000000000e+00
2.137500000000000178e+00 0.000000000000000000e+00
2.149999999999999911e+00 0.000000000000000000e+00
2.162500000000000089e+00 0.000000000000000000e+00
2.175000000000000266e+00 0.000000000000000000e+00
2.187500000000000000e+00 0.000000000000000000e+00
2.200000000000000178e+00 0.000000000000000000e+00
2.212499999999999911e+00 0.000000000000000000e+00
2.225000000000000089e+00 0.000000000000000000e+00
2.237500000000000266e+00 0.000000000000000000e+00
2.250000000000000000e+00 0.000000000000000000e+00
2.262500000000000178e+00 0.000000000000000000e+00
2.274999999999999911e+00 0.000000000000000000e+00
2.287500000000000089e+00 0.000000000000000000e+00
2.300000000000000266e+00 0.000000000000000000e+00
2.312500000000000000e+00 0.000000000000000000e+00
2.325000000000000178e+00 0.000000000000000000e+00
2.337499999999999911e+00 0.000000000000000000e+00
2.350000000000000089e+00 0.000000000000000000e+00
2.362500000000000266e+00 0.000000000000000000e+00
2.375000000000000000e+00 0.000000000000000000e+00
2.387500000000000178e+00 0.000000000000000000e+00
2.400000000000000355e+00 0.000000000000000000e+00
2.412500000000000089e+00 0.000000000000000000e+00
2.425000000000000266e+00 0.000000000000000000e+00
2.437500000000000000e+00 0.000000000000000000e+00
2.450000000000000178e+00 0.000000000000000000e+00
2.462500000000000355e+00 0.000000000000000000e+00
2.475000000000000089e+00 0.000000000000000000e+00
2.487500000000000266e+00 0.000000000000000000e+00
2.500000000000000000e+00 0.000000000000000000e+00
2.512500000000000178e+00 0.000000000000000000e+00
2.525000000000000355e+00 0.000000000000000000e+00
2.537500000000000089e+00 0.000000000000000000e+00
2.550000000000000266e+00 0.000000000000000000e+00
2.562500000000000000e+00 0.000000000000000000e+00
2.575000000000000178e+00 0.000000000000000000e+00
2.587500000000000355e+00 0.000000000000000000e+00
2.600000000000000089e+00 0.000000000000000000e+00
2.612500000000000266e+00 0.000000000000000000e+00
2.625000000000000000e+00 0.000000000000000000e+00
2.637500000000000178e+00 0.000000000000000000e+00
2.650000000000000355e+00 0.000000000000000000e+00
2.662500000000000089e+00 0.000000000000000000e+00
2.675000000000000266e+00 0.000000000000000000e+00
2.687500000000000000e+00 0.000000000000000000e+00
2.700000000000000178e+00 0.000000000000000000e+00
2.712500000000000355e+00 0.000000000000000000e+00
2.725000000000000089e+00 0.000000000000000000e+00
2.737500000000000266e+00 0.000000000000000000e+00
2.750000000000000000e+00 0.000000000000000000e+00
2.762500000000000178e+00 0.000000000000000000e+00
2.775000000000000355e+00 0.000000000000000000e+00
2.787500000000000089e+00 0.000000000000000000e+00
2.800000000000000266e+00 0.000000000000000000e+00
2.812500000000000000e+00 0.000000000000000000e+00
2.825000000000000178e+00 0.000000000000000000e+00
2.837500000000000355e+00 0.000000000000000000e+00
2.850000000000000089e+00 0.000000000000000000e+00
2.862500000000000266e+00 0.000000000000000000e+00
2.875000000000000000e+00 0.000000000000000000e+00
2.887500000000000178e+00 0.000000000000000000e+00
2.900000000000000355e+00 0.000000000000000000e+00
2.912500000000000089e+00 0.000000000000000000e+00
2.925000000000000266e+00 0.000000000000000000e+00
2.937500000000000000e+00 0.000000000000000000e+00
2.950000000000000178e+00 0.000000000000000000e+00
2.962500000000000355e+00 0.000000000000000000e+00
2.975000000000000089e+00 0.000000000000000000e+00
2.987500000000000266e+00 0.000000000000000000e+00
3.000000000000000000e+00 0.000000000000000000e+00
3.012500000000000178e+00 0.000000000000000000e+00
3.025000000000000355e+00 0.000000000000000000e+00
3.037500000000000089e+00 0.000000000000000000e+00
3.050000000000000266e+00 0.000000000000000000e+00
3.062500000000000000e+00 0.000000000000000000e+00
3.075000000000000178e+00 0.000000000000000000e+00
3.087500000000000355e+00 0.000000000000000000e+00
3.100000000000000089e+00 0.000000000000000000e+00
3.112500000000000266e+00 0.000000000000000000e+00
3.125000000000000000e+00 0.000000000000000000e+00
3.137500000000000178e+00 0.000000000000000000e+00
3.150000000000000355e+00 0.000000000000000000e+00
3.162500000000000089e+00 0.000000000000000000e+00
3.175000000000000266e+00 0.000000000000000000e+00
3.187500000000000000e+00 0.000000000000000000e+00
3.200000000000000178e+00 0.000000000000000000e+00
3.212500000000000355e+00 0.000000000000000000e+00
3.225000000000000089e+00 0.000000000000000000e+00
3.237500000000000266e+00 0.000000000000000000e+00
3.250000000000000000e+00 0.000000000000000000e+00
3.262500000000000178e+00 0.000000000000000000e+00
3.275000000000000355e+00 0.000000000000000000e+00
3.287500000000000089e+00 0.000000000000000000e+00
3.300000000000000266e+00 0.000000000000000000e+00
3.312500000000000000e+00 0.000000000000000000e+00
3.325000000000000178e+00 0.000000000000000000e+00
3.337500000000000355e+00 0.000000000000000000e+00
3.350000000000000089e+00 0.000000000000000000e+00
3.362500000000000266e+00 0.000000000000000000e+00
3.375000000000000000e+00 0.000000000000000000e+00
3.387500000000000178e+00 0.000000000000000000e+00
3.400000000000000355e+00 0.000000000000000000e+00
3.412500000000000089e+00 0.000000000000000000e+00
3.425000000000000266e+00 0.000000000000000000e+00
3.437500000000000000e+00 0.000000000000000000e+00
3.450000000000000178e+00 0.000000000000000000e+00
3.462500000000000355e+00 0.000000000000000000e+00
3.475000000000000089e+00 0.000000000000000000e+00
3.487500000000000266e+00 0.000000000000000000e+00
3.500000000000000000e+00 0.000000000000000000e+00
3.512500000000000178e+00 0.000000000000000000e+00
3.525000000000000355e+00 0.000000000000000000e+00
3.537500000000000089e+00 0.000000000000000000e+00
3.550000000000000266e+00 0.000000000000000000e+00
3.562500000000000000e+00 0.000000000000000000e+00
3.575000000000000178e+00 0.000000000000000000e+00
3.587500000000000355e+00 0.000000000000000000e+00
3.600000000000000089e+00 0.000000000000000000e+00
3.612500000000000266e+00 0.000000000000000000e+00
3.625000000000000000e+00 0.000000000000000000e+00
3.637500000000000178e+00 0.000000000000000000e+00
3.650000000000000355e+00 0.000000000000000000e+00
3.662500000000000089e+00 0.000000000000000000e+00
3.675000000000000266e+00 0.000000000000000000e+00
3.687500000000000000e+00 0.000000000000000000e+00
3.700000000000000178e+00 0.000000000000000000e+00
3.712500000000000355e+00 0.000000000000000000e+00
3.725000000000000089e+00 0.000000000000000000e+00
3.737500000000000266e+00 0.000000000000000000e+00
3.750000000000000000e+00 0.000000000000000000e+00
3.762500000000000178e+00 0.000000000000000000e+00
3.775000000000000355e+00 0.000000000000000000e+00
3.787500000000000089e+00 0.000000000000000000e+00
3.800000000000000266e+00 0.000000000000000000e+00
3.812500000000000000e+00 0.000000000000000000e+00
3.825000000000000178e+00 0.000000000000000000e+00
3.837500000000000355e+00 0.000000000000000000e+00
3.850000000000000089e+00 0.000000000000000000e+00
3.862500000000000266e+00 0.000000000000000000e+00
3.875000000000000000e+00 0.000000000000000000e+00
3.887500000000000178e+00 0.000000000000000000e+00
3.900000000000000355e+00 0.000000000000000000e+00
3.912500000000000089e+00 0.000000000000000000e+00
3.925000000000000266e+00 0.000000000000000000e+00
3.937500000000000000e+00 0.000000000000000000e+00
3.950000000000000178e+00 0.000000000000000000e+00
3.962500000000000355e+00 0.000000000000000000e+00
3.975000000000000089e+00 0.000000000000000000e+00
3.987500000000000266e+00 0.000000000000000000e+00
