0.000000000000000000e+00 0.000000000000000000e+00
1.250000000000000069e-02 0.000000000000000000e+00
2.500000000000000139e-02 0.000000000000000000e+00
3.750000000000000555e-02 0.000000000000000000e+00
5.000000000000000278e-02 0.000000000000000000e+00
6.250000000000000000e-02 0.000000000000000000e+00
7.500000000000001110e-02 0.000000000000000000e+00
8.750000000000000833e-02 0.000000000000000000e+00
1.000000000000000056e-01 0.000000000000000000e+00
1.125000000000000028e-01 0.000000000000000000e+00
1.250000000000000000e-01 0.000000000000000000e+00
1.375000000000000111e-01 0.000000000000000000e+00
1.500000000000000222e-01 0.000000000000000000e+00
1.625000000000000056e-01 0.000000000000000000e+00
1.750000000000000167e-01 0.000000000000000000e+00
1.875000000000000000e-01 0.000000000000000000e+00
2.000000000000000111e-01 0.000000000000000000e+00
2.125000000000000222e-01 0.000000000000000000e+00
2.250000000000000056e-01 0.000000000000000000e+00
2.375000000000000167e-01 0.000000000000000000e+00
2.500000000000000000e-01 0.000000000000000000e+00
2.625000000000000111e-01 0.000000000000000000e+00
2.750000000000000222e-01 0.000000000000000000e+00
2.875000000000000333e-01 0.000000000000000000e+00
3.000000000000000444e-01 0.000000000000000000e+00
3.125000000000000000e-01 0.000000000000000000e+00
3.250000000000000111e-01 0.000000000000000000e+00
3.375000000000000222e-01 0.000000000000000000e+00
3.500000000000000333e-01 0.000000000000000000e+00
3.625000000000000444e-01 0.000000000000000000e+00
3.750000000000000000e-01 0.000000000000000000e+00
3.875000000000000111e-01 0.000000000000000000e+00
4.000000000000000222e-01 0.000000000000000000e+00
4.125000000000000333e-01 0.000000000000000000e+00
4.250000000000000444e-01 0.000000000000000000e+00
4.375000000000000000e-01 0.000000000000000000e+00
4.500000000000000111e-01 0.000000000000000000e+00
4.625000000000000222e-01 0.000000000000000000e+00
4.750000000000000333e-01 0.000000000000000000e+00
4.875000000000000444e-01 0.000000000000000000e+00
5.000000000000000000e-01 0.000000000000000000e+00
5.125000000000000666e-01 0.000000000000000000e+00
5.250000000000000222e-01 0.000000000000000000e+00
5.374999999999999778e-01 0.000000000000000000e+00
5.500000000000000444e-01 0.000000000000000000e+00
5.625000000000000000e-01 0.000000000000000000e+00
5.750000000000000666e-01 0.000000000000000000e+00
5.875000000000000222e-01 0.000000000000000000e+00
6.000000000000000888e-01 0.000000000000000000e+00
6.125000000000000444e-01 0.000000000000000000e+00
6.250000000000000000e-01 0.000000000000000000e+00
6.375000000000000666e-01 0.000000000000000000e+00
6.500000000000000222e-01 0.000000000000000000e+00
6.625000000000000888e-01 0.000000000000000000e+00
6.750000000000000444e-01 0.000000000000000000e+00
6.875000000000000000e-01 0.000000000000000000e+00
7.000000000000000666e-01 0.000000000000000000e+00
7.125000000000000222e-01 0.000000000000000000e+00
7.250000000000000888e-01 0.000000000000000000e+00
7.375000000000000444e-01 0.000000000000000000e+00
7.500000000000000000e-01 0.000000000000000000e+00
7.625000000000000666e-01 0.000000000000000000e+00
7.750000000000000222e-01 0.000000000000000000e+00
7.875000000000000888e-01 0.000000000000000000e+00
8.000000000000000444e-01 0.000000000000000000e+00
8.125000000000000000e-01 0.000000000000000000e+00
8.250000000000000666e-01 0.000000000000000000e+00
8.375000000000000222e-01 0.000000000000000000e+00
8.500000000000000888e-01 0.000000000000000000e+00
8.625000000000000444e-01 0.000000000000000000e+00
8.750000000000000000e-01 0.000000000000000000e+00
8.875000000000000666e-01 0.000000000000000000e+00
9.000000000000000222e-01 0.000000000000000000e+00
9.125000000000000888e-01 0.000000000000000000e+00
9.250000000000000444e-01 0.000000000000000000e+00
9.375000000000000000e-01 0.000000000000000000e+00
9.500000000000000666e-01 0.000000000000000000e+00
9.625000000000000222e-01 0.000000000000000000e+00
9.750000000000000888e-01 0.000000000000000000e+00
9.875000000000000444e-01 0.000000000000000000e+00
1.000000000000000000e+00 0.000000000000000000e+00
1.012499999999999956e+00 0.000000000000000000e+00
1.025000000000000133e+00 0.000000000000000000e+00
1.037500000000000089e+00 0.000000000000000000e+00
1.050000000000000044e+00 0.000000000000000000e+00
1.062500000000000000e+00 0.000000000000000000e+00
1.074999999999999956e+00 0.000000000000000000e+00
1.087500000000000133e+00 0.000000000000000000e+00
1.100000000000000089e+00 0.000000000000000000e+00
1.112500000000000044e+00 0.000000000000000000e+00
1.125000000000000000e+00 0.000000000000000000e+00
1.137499999999999956e+00 0.000000000000000000e+00
1.150000000000000133e+00 0.000000000000000000e+00
1.162500000000000089e+00 0.000000000000000000e+00
1.175000000000000044e+00 0.000000000000000000e+00
1.187500000000000000e+00 -3.792482976138263202e-317
1.200000000000000178e+00 -6.077089162305154636e-316
1.212500000000000133e+00 -1.565404833346240014e-304
1.225000000000000089e+00 -4.014132014851352883e-293
1.237500000000000044e+00 -1.024145980050371396e-281
1.250000000000000000e+00 -2.597530665719811518e-270
1.262500000000000178e+00 -6.541876762422890185e-259
1.275000000000000133e+00 -1.634012498016059773e-247
1.287500000000000089e+00 -4.040734882858579123e-236
1.300000000000000044e+00 -9.868259613055398018e-225
1.312500000000000000e+00 -2.372337137039548152e-213
1.325000000000000178e+00 -5.587185796929027325e-202
1.337500000000000133e+00 -1.279226631928689212e-190
1.350000000000000089e+00 -2.811362817101225311e-179
1.362500000000000044e+00 -5.793339128569673487e-168
1.375000000000000000e+00 -1.061099439205057158e-156
1.387500000000000178e+00 -1.456089234310768302e-145
1.400000000000000133e+00 -2.333242989274746874e-144
1.412500000000000089e+00 -6.009774916755660950e-133
1.425000000000000044e+00 -1.541172835821697793e-121
1.437500000000000000e+00 -3.932114302860847168e-110
1.450000000000000178e+00 -9.972229016061425802e-99
1.462500000000000133e+00 -2.511608000079176666e-87
1.475000000000000089e+00 -6.273640423024370812e-76
1.487500000000000044e+00 -1.551286309588923083e-64
1.500000000000000000e+00 -3.788544364372910963e-53
1.512500000000000178e+00 -9.108369747286731944e-42
1.525000000000000133e+00 -2.144987145955810822e-30
1.537500000000000089e+00 -4.910660890311814657e-19
1.550000000000000044e+00 1.444087410035220308e-15
1.562500000000000000e+00 8.692133917991720020e-14
1.575000000000000178e+00 3.288004436571333315e-12
1.587500000000000133e+00 7.674997333534389020e-11
1.600000000000000089e+00 8.804563034935925989e-10
1.612500000000000044e+00 2.261434441435441636e-08
1.625000000000000000e+00 4.228424546643666406e-07
1.637500000000000178e+00 5.819507902212625608e-06
1.650000000000000133e+00 5.962496782285951692e-05
1.662500000000000089e+00 4.609183774649392362e-04
1.675000000000000044e+00 2.726739517115422690e-03
1.687500000000000000e+00 1.253663393580314867e-02
1.700000000000000178e+00 4.560401104777667830e-02
1.712500000000000133e+00 1.338630490407274887e-01
1.725000000000000089e+00 3.233906332158421049e-01
1.737500000000000044e+00 6.551074646441148452e-01
1.750000000000000000e+00 1.132160286934670523e+00
1.762500000000000178e+00 1.696856431303444657e+00
1.775000000000000133e+00 2.244621738918474829e+00
1.787500000000000089e+00 2.675416629218542397e+00
1.800000000000000044e+00 2.943560097045146318e+00
1.812500000000000000e+00 3.060038841146029309e+00
1.825000000000000178e+00 3.088739408910222917e+00
1.837500000000000133e+00 3.070554415629217715e+00
1.850000000000000089e+00 3.031055807470186547e+00
1.862500000000000044e+00 2.983999944948623639e+00
1.875000000000000000e+00 2.933530333283335345e+00
1.887500000000000178e+00 2.881886191029774835e+00
1.900000000000000133e+00 2.830115214880371433e+00
1.912500000000000089e+00 2.776656884955751803e+00
1.925000000000000044e+00 2.721289805520137772e+00
1.937500000000000000e+00 2.666514760519012928e+00
1.950000000000000178e+00 2.612455643917803272e+00
1.962500000000000133e+00 2.557088832370808529e+00
1.975000000000000089e+00 2.501718698117453066e+00
1.987500000000000044e+00 2.446348840257987156e+00
2.000000000000000000e+00 2.390982858557071378e+00
2.012500000000000178e+00 2.337392797119927756e+00
2.024999999999999911e+00 2.282102220355509026e+00
2.037500000000000089e+00 2.226505843707813792e+00
2.050000000000000266e+00 2.172936177754442699e+00
2.062500000000000000e+00 2.117191023250581061e+00
2.075000000000000178e+00 2.053325191390429350e+00
2.087499999999999911e+00 1.972030940448512348e+00
2.100000000000000089e+00 1.857328802895072073e+00
2.112500000000000266e+00 1.692534786710659711e+00
2.125000000000000000e+00 1.469075153528839106e+00
2.137500000000000178e+00 1.193757219530487523e+00
2.149999999999999911e+00 8.930708390280509557e-01
2.162500000000000089e+00 6.067031687617161495e-01
2.175000000000000266e+00 3.699783228905661470e-01
2.187500000000000000e+00 2.003921208489579942e-01
2.200000000000000178e+00 9.571394850757322659e-02
2.212499999999999911e+00 4.211462855471356792e-02
2.225000000000000089e+00 1.665297065846652047e-02
2.237500000000000266e+00 5.896882239630803040e-03
2.250000000000000000e+00 1.861629741318512714e-03
2.262500000000000178e+00 5.218608767436410875e-04
2.274999999999999911e+00 1.294377103127589568e-04
2.287500000000000089e+00 2.830778886537128926e-05
2.300000000000000266e+00 5.448047066971421881e-06
2.312500000000000000e+00 9.234644480611990043e-07
2.325000000000000178e+00 1.379670152673799609e-07
2.337499999999999911e+00 1.817443193002852055e-08
2.350000000000000089e+00 2.117736783702068645e-09
2.362500000000000266e+00 2.187820180424484352e-10
2.375000000000000000e+00 2.006177989725508485e-11
2.387500000000000178e+00 1.639455733608312044e-12
2.400000000000000355e+00 1.200173101477335988e-13
2.412500000000000089e+00 1.448314781669483361e-14
2.425000000000000266e+00 1.282408422641210988e-15
2.437500000000000000e+00 7.509438380936030695e-17
2.450000000000000178e+00 3.310372076837840683e-22
2.462500000000000355e+00 1.506014512536300637e-33
2.475000000000000089e+00 6.576919073016426710e-45
2.487500000000000266e+00 2.792343560726933143e-56
2.500000000000000000e+00 1.161462316788395596e-67
2.512500000000000178e+00 4.755575923211392088e-79
2.525000000000000355e+00 1.923006339912601258e-90
2.537500000000000089e+00 7.698631819421769114e-102
2.550000000000000266e+00 3.056750881425666952e-113
2.562500000000000000e+00 1.205178195830900129e-124
2.575000000000000178e+00 4.723591772088835574e-136
2.587500000000000355e+00 1.842043536038808374e-147
2.600000000000000089e+00 2.946798241198264190e-151
2.612500000000000266e+00 4.482735575463092684e-160
2.625000000000000000e+00 3.257427845279200297e-171
2.637500000000000178e+00 1.777275705420506250e-182
2.650000000000000355e+00 8.624025348825524684e-194
2.662500000000000089e+00 3.922812310839159345e-205
2.675000000000000266e+00 1.713003985609954744e-216
2.687500000000000000e+00 7.273549395564199864e-228
2.700000000000000178e+00 3.025335103738552972e-239
2.712500000000000355e+00 1.238622231009242414e-250
2.725000000000000089e+00 5.008826325494611123e-262
2.737500000000000266e+00 2.005311808148444599e-273
2.750000000000000000e+00 7.961518483471633076e-285
2.762500000000000178e+00 3.139022767364230950e-296
2.775000000000000355e+00 1.230384156079503148e-307
2.787500000000000089e+00 4.797723267070592817e-319
2.800000000000000266e+00 7.905050333459944707e-323
2.812500000000000000e+00 0.000000000000000000e+00
2.825000000000000178e+00 0.000000000000000000e+00
2.837500000000000355e+00 0.000000000000000000e+00
2.850000000000000089e+00 0.000000000000000000e+00
2.862500000000000266e+00 0.000000000000000000e+00
2.875000000000000000e+00 0.000000000000000000e+00
2.887500000000000178e+00 0.000000000000000000e+00
2.900000000000000355e+00 0.000000000000000000e+00
2.912500000000000089e+00 0.000000000000000000e+00
2.925000000000000266e+00 0.000000000000000000e+00
2.937500000000000000e+00 0.000000000000000000e+00
2.950000000000000178e+00 0.000000000000000000e+00
2.962500000000000355e+00 0.000000000000000000e+00
2.975000000000000089e+00 0.000000000000000000e+00
2.987500000000000266e+00 0.000000000000000000e+00
3.000000000000000000e+00 0.000000000000000000e+00
3.012500000000000178e+00 0.000000000000000000e+00
3.025000000000000355e+00 0.000000000000000000e+00
3.037500000000000089e+00 0.000000000000000000e+00
3.050000000000000266e+00 0.000000000000000000e+00
3.062500000000000000e+00 0.000000000000000000e+00
3.075000000000000178e+00 0.000000000000000000e+00
3.087500000000000355e+00 0.000000000000000000e+00
3.100000000000000089e+00 0.000000000000000000e+00
3.112500000000000266e+00 0.000000000000000000e+00
3.125000000000000000e+00 0.000000000000000000e+00
3.137500000000000178e+00 0.000000000000000000e+00
3.150000000000000355e+00 0.000000000000000000e+00
3.162500000000000089e+00 0.000000000000000000e+00
3.175000000000000266e+00 0.000000000000000000e+00
3.187500000000000000e+00 0.000000000000000000e+00
3.200000000000000178e+00 0.000000000000000000e+00
3.212500000000000355e+00 0.000000000000000000e+00
3.225000000000000089e+00 0.000000000000000000e+00
3.237500000000000266e+00 0.000000000000000000e+00
3.250000000000000000e+00 0.000000000000000000e+00
3.262500000000000178e+00 0.000000000000000000e+00
3.275000000000000355e+00 0.000000000000000000e+00
3.287500000000000089e+00 0.000000000000000000e+00
3.300000000000000266e+00 0.000000000000000000e+00
3.312500000000000000e+00 0.000000000000000000e+00
3.325000000000000178e+00 0.000000000000000000e+00
3.337500000000000355e+00 0.000000000000000000e+00
3.350000000000000089e+00 0.000000000000000000e+00
3.362500000000000266e+00 0.000000000000000000e+00
3.375000000000000000e+00 0.000000000000000000e+00
3.387500000000000178e+00 0.000000000000000000e+00
3.400000000000000355e+00 0.000000000000000000e+00
3.412500000000000089e+00 0.000000000000000000e+00
3.425000000000000266e+00 0.000000000000000000e+00
3.437500000000000000e+00 0.000000000000000000e+00
3.450000000000000178e+00 0.000000000000000000e+00
3.462500000000000355e+00 0.000000000000000000e+00
3.475000000000000089e+00 0.000000000000000000e+00
3.487500000000000266e+00 0.000000000000000000e+00
3.500000000000000000e+00 0.000000000000000000e+00
3.512500000000000178e+00 0.000000000000000000e+00
3.525000000000000355e+00 0.000000000000000000e+00
3.537500000000000089e+00 0.000000000000000000e+00
3.550000000000000266e+00 0.000000000000000000e+00
3.562500000000000000e+00 0.000000000000000000e+00
3.575000000000000178e+00 0.000000000000000000e+00
3.587500000000000355e+00 0.000000000000000000e+00
3.600000000000000089e+00 0.000000000000000000e+00
3.612500000000000266e+00 0.000000000000000000e+00
3.625000000000000000e+00 0.000000000000000000e+00
3.637500000000000178e+00 0.000000000000000000e+00
3.650000000000000355e+00 0.000000000000000000e+00
3.662500000000000089e+00 0.000000000000000000e+00
3.675000000000000266e+00 0.000000000000000000e+00
3.687500000000000000e+00 0.000000000000000000e+00
3.700000000000000178e+00 0.000000000000000000e+00
3.712500000000000355e+00 0.000000000000000000e+00
3.725000000000000089e+00 0.000000000000000000e+00
3.737500000000000266e+00 0.000000000000000000e+00
3.750000000000000000e+00 0.000000000000000000e+00
3.762500000000000178e+00 0.000000000000000000e+00
3.775000000000000355e+00 0.000000000000000000e+00
3.787500000000000089e+00 0.000000000000000000e+00
3.800000000000000266e+00 0.000000000000000000e+00
3.812500000000000000e+00 0.000000000000000000e+00
3.825000000000000178e+00 0.000000000000000000e+00
3.837500000000000355e+00 0.000000000000000000e+00
3.850000000000000089e+00 0.000000000000000000e+00
3.862500000000000266e+00 0.000000000000000000e+00
3.875000000000000000e+00 0.000000000000000000e+00
3.887500000000000178e+00 0.000000000000000000e+00
3.900000000000000355e+00 0.000000000000000000e+00
3.912500000000000089e+00 0.000000000000000000e+00
3.925000000000000266e+00 0.000000000000000000e+00
3.937500000000000000e+00 0.000000000000000000e+00
3.950000000000000178e+00 0.000000000000000000e+00
3.962500000000000355e+00 0.000000000000000000e+00
3.975000000000000089e+00 0.000000000000000000e+00
3.987500000000000266e+00 0.000000000000000000e+00
