0.000000000000000000e+00 0.000000000000000000e+00
1.250000000000000069e-02 0.000000000000000000e+00
2.500000000000000139e-02 0.000000000000000000e+00
3.750000000000000555e-02 0.000000000000000000e+00
5.000000000000000278e-02 0.000000000000000000e+00
6.250000000000000000e-02 0.000000000000000000e+00
7.500000000000001110e-02 0.000000000000000000e+00
8.750000000000000833e-02 0.000000000000000000e+00
1.000000000000000056e-01 0.000000000000000000e+00
1.125000000000000028e-01 0.000000000000000000e+00
1.250000000000000000e-01 0.000000000000000000e+00
1.375000000000000111e-01 0.000000000000000000e+00
1.500000000000000222e-01 0.000000000000000000e+00
1.625000000000000056e-01 0.000000000000000000e+00
1.750000000000000167e-01 0.000000000000000000e+00
1.875000000000000000e-01 0.000000000000000000e+00
2.000000000000000111e-01 0.000000000000000000e+00
2.125000000000000222e-01 0.000000000000000000e+00
2.250000000000000056e-01 0.000000000000000000e+00
2.375000000000000167e-01 0.000000000000000000e+00
2.500000000000000000e-01 0.000000000000000000e+00
2.625000000000000111e-01 0.000000000000000000e+00
2.750000000000000222e-01 0.000000000000000000e+00
2.875000000000000333e-01 0.000000000000000000e+00
3.000000000000000444e-01 0.000000000000000000e+00
3.125000000000000000e-01 0.000000000000000000e+00
3.250000000000000111e-01 0.000000000000000000e+00
3.375000000000000222e-01 0.000000000000000000e+00
3.500000000000000333e-01 0.000000000000000000e+00
3.625000000000000444e-01 0.000000000000000000e+00
3.750000000000000000e-01 0.000000000000000000e+00
3.875000000000000111e-01 0.000000000000000000e+00
4.000000000000000222e-01 0.000000000000000000e+00
4.125000000000000333e-01 0.000000000000000000e+00
4.250000000000000444e-01 0.000000000000000000e+00
4.375000000000000000e-01 0.000000000000000000e+00
4.500000000000000111e-01 0.000000000000000000e+00
4.625000000000000222e-01 0.000000000000000000e+00
4.750000000000000333e-01 0.000000000000000000e+00
4.875000000000000444e-01 0.000000000000000000e+00
5.000000000000000000e-01 0.000000000000000000e+00
5.125000000000000666e-01 0.000000000000000000e+00
5.250000000000000222e-01 0.000000000000000000e+00
5.374999999999999778e-01 0.000000000000000000e+00
5.500000000000000444e-01 0.000000000000000000e+00
5.625000000000000000e-01 0.000000000000000000e+00
5.750000000000000666e-01 0.000000000000000000e+00
5.875000000000000222e-01 0.000000000000000000e+00
6.000000000000000888e-01 0.000000000000000000e+00
6.125000000000000444e-01 0.000000000000000000e+00
6.250000000000000000e-01 0.000000000000000000e+00
6.375000000000000666e-01 0.000000000000000000e+00
6.500000000000000222e-01 0.000000000000000000e+00
6.625000000000000888e-01 0.000000000000000000e+00
6.750000000000000444e-01 0.000000000000000000e+00
6.875000000000000000e-01 0.000000000000000000e+00
7.000000000000000666e-01 0.000000000000000000e+00
7.125000000000000222e-01 0.000000000000000000e+00
7.250000000000000888e-01 1.531603502107864287e-322
7.375000000000000444e-01 3.549268235137541596e-311
7.500000000000000000e-01 7.801167003302634436e-300
7.625000000000000666e-01 1.607484384308471829e-288
7.750000000000000222e-01 2.944016785117102222e-277
7.875000000000000888e-01 4.042978519278924027e-266
8.000000000000000444e-01 6.473378131504360428e-265
8.125000000000000000e-01 1.667449536454245686e-253
8.250000000000000666e-01 4.275990512549669732e-242
8.375000000000000222e-01 1.090942499127162070e-230
8.500000000000000888e-01 2.766875222851428346e-219
8.625000000000000444e-01 6.968632057851279512e-208
8.750000000000000000e-01 1.740613664437968687e-196
8.875000000000000666e-01 4.304178278808332783e-185
9.000000000000000222e-01 1.051193227164395693e-173
9.125000000000000888e-01 2.527165309370326229e-162
9.250000000000000444e-01 5.951497489179897480e-151
9.375000000000000000e-01 1.362643350521649528e-139
9.500000000000000666e-01 2.995006050672905015e-128
9.625000000000000222e-01 6.171340597248951479e-117
9.750000000000000888e-01 1.130251566178549329e-105
9.875000000000000444e-01 1.551880273456435930e-94
1.000000000000000000e+00 2.485338587955166749e-93
1.012499999999999956e+00 6.402010673743398364e-82
1.025000000000000133e+00 1.641653098545957039e-70
1.037500000000000089e+00 4.188433723246656459e-59
1.050000000000000044e+00 1.062308068928018793e-47
1.062500000000000000e+00 2.675421628922992789e-36
1.074999999999999956e+00 6.682597704957207289e-25
1.087500000000000133e+00 5.821868593143909028e-16
1.100000000000000089e+00 1.072571705975714445e-13
1.112500000000000044e+00 1.268299410793528882e-11
1.125000000000000000e+00 8.957413598334890697e-10
1.137499999999999956e+00 3.843119988300502939e-08
1.150000000000000133e+00 1.021585839758521682e-06
1.162500000000000089e+00 1.725682740013511951e-05
1.175000000000000044e+00 1.923599890205455207e-04
1.187500000000000000e+00 1.502432466511627882e-03
1.200000000000000178e+00 8.928941879247028618e-03
1.212500000000000133e+00 5.103771736473482201e-02
1.225000000000000089e+00 2.046998738113096628e-01
1.237500000000000044e+00 5.946241308857755925e-01
1.250000000000000000e+00 1.300148134763372987e+00
1.262500000000000178e+00 2.235542273286356352e+00
1.275000000000000133e+00 3.167307795094891798e+00
1.287500000000000089e+00 3.874402189379739792e+00
1.300000000000000044e+00 4.279264223188842031e+00
1.312500000000000000e+00 4.443971617940448482e+00
1.325000000000000178e+00 4.477136711542788028e+00
1.337500000000000133e+00 4.457893555722213463e+00
1.350000000000000089e+00 4.422850337658441155e+00
1.362500000000000044e+00 4.384689484812120952e+00
1.375000000000000000e+00 4.347617011549423260e+00
1.387500000000000178e+00 4.311997068476711270e+00
1.400000000000000133e+00 4.276225861696541841e+00
1.412500000000000089e+00 4.239153444427778972e+00
1.425000000000000044e+00 4.196494736443411533e+00
1.437500000000000000e+00 4.126885451811295624e+00
1.450000000000000178e+00 3.977574936778159653e+00
1.462500000000000133e+00 3.670218480762017066e+00
1.475000000000000089e+00 3.146277876246900362e+00
1.487500000000000044e+00 2.429502338758059654e+00
1.500000000000000000e+00 1.644269725868146015e+00
1.512500000000000178e+00 9.530910129603116232e-01
1.525000000000000133e+00 4.640242228438519745e-01
1.537500000000000089e+00 1.867739960623993334e-01
1.550000000000000044e+00 6.144387974649322126e-02
1.562500000000000000e+00 1.639086582533369127e-02
1.575000000000000178e+00 3.532333930060691136e-03
1.587500000000000133e+00 6.141828669301663355e-04
1.600000000000000089e+00 8.636686528012851947e-05
1.612500000000000044e+00 1.413195892440333341e-05
1.625000000000000000e+00 1.880457468911721190e-06
1.637500000000000178e+00 2.013546491292200801e-07
1.650000000000000133e+00 1.735800960514422836e-08
1.662500000000000089e+00 1.210043134778353747e-09
1.675000000000000044e+00 6.872034095402407952e-11
1.687500000000000000e+00 3.203388218524101869e-12
1.700000000000000178e+00 1.233396104612593806e-13
1.712500000000000133e+00 3.812839008649145147e-15
1.725000000000000089e+00 -2.434833276966428774e-17
1.737500000000000044e+00 -9.748094490378417913e-29
1.750000000000000000e+00 -3.870237731348000706e-40
1.762500000000000178e+00 -1.525947314385531222e-51
1.775000000000000133e+00 -5.981206001353114440e-63
1.787500000000000089e+00 -2.332320576721699695e-74
1.800000000000000044e+00 -3.731116034832363511e-78
1.812500000000000000e+00 -5.669919920806414986e-87
1.825000000000000178e+00 -4.122261897651811206e-98
1.837500000000000133e+00 -2.250313886340954045e-109
1.850000000000000089e+00 -1.091775645778009065e-120
1.862500000000000044e+00 -4.966087752233473901e-132
1.875000000000000000e+00 -2.168936449240673552e-143
1.887500000000000178e+00 -9.209278136996170629e-155
1.900000000000000133e+00 -3.830270138467324574e-166
1.912500000000000089e+00 -1.568293268790981489e-177
1.925000000000000044e+00 -6.342164201618848065e-189
1.937500000000000000e+00 -2.538958401564247868e-200
1.950000000000000178e+00 -1.008055178042307906e-211
1.962500000000000133e+00 -3.974732756322205296e-223
1.975000000000000089e+00 -1.557845585840452198e-234
1.987500000000000044e+00 -6.074689358933543564e-246
2.000000000000000000e+00 -9.717948337565810276e-250
2.012500000000000178e+00 -1.476769489317505293e-258
2.024999999999999911e+00 -1.073671070604109195e-269
2.037500000000000089e+00 -5.861099185632584098e-281
2.050000000000000266e+00 -2.843604646397014318e-292
2.062500000000000000e+00 -1.293451410495615594e-303
2.075000000000000178e+00 -5.649142661786272090e-315
2.087499999999999911e+00 0.000000000000000000e+00
2.100000000000000089e+00 0.000000000000000000e+00
2.112500000000000266e+00 0.000000000000000000e+00
2.125000000000000000e+00 0.000000000000000000e+00
2.137500000000000178e+00 0.000000000000000000e+00
2.149999999999999911e+00 0.000000000000000000e+00
2.162500000000000089e+00 0.000000000000000000e+00
2.175000000000000266e+00 0.000000000000000000e+00
2.187500000000000000e+00 0.000000000000000000e+00
2.200000000000000178e+00 0.000000000000000000e+00
2.212499999999999911e+00 0.000000000000000000e+00
2.225000000000000089e+00 0.000000000000000000e+00
2.237500000000000266e+00 0.000000000000000000e+00
2.250000000000000000e+00 0.000000000000000000e+00
2.262500000000000178e+00 0.000000000000000000e+00
2.274999999999999911e+00 0.000000000000000000e+00
2.287500000000000089e+00 0.000000000000000000e+00
2.300000000000000266e+00 0.000000000000000000e+00
2.312500000000000000e+00 0.000000000000000000e+00
2.325000000000000178e+00 0.000000000000000000e+00
2.337499999999999911e+00 0.000000000000000000e+00
2.350000000000000089e+00 0.000000000000000000e+00
2.362500000000000266e+00 0.000000000000000000e+00
2.375000000000000000e+00 0.000000000000000000e+00
2.387500000000000178e+00 0.000000000000000000e+00
2.400000000000000355e+00 0.000000000000000000e+00
2.412500000000000089e+00 0.000000000000000000e+00
2.425000000000000266e+00 0.000000000000000000e+00
2.437500000000000000e+00 0.000000000000000000e+00
2.450000000000000178e+00 0.000000000000000000e+00
2.462500000000000355e+00 0.000000000000000000e+00
2.475000000000000089e+00 0.000000000000000000e+00
2.487500000000000266e+00 0.000000000000000000e+00
2.500000000000000000e+00 0.000000000000000000e+00
2.512500000000000178e+00 0.000000000000000000e+00
2.525000000000000355e+00 0.000000000000000000e+00
2.537500000000000089e+00 0.000000000000000000e+00
2.550000000000000266e+00 0.000000000000000000e+00
2.562500000000000000e+00 0.000000000000000000e+00
2.575000000000000178e+00 0.000000000000000000e+00
2.587500000000000355e+00 0.000000000000000000e+00
2.600000000000000089e+00 0.000000000000000000e+00
2.612500000000000266e+00 0.000000000000000000e+00
2.625000000000000000e+00 0.000000000000000000e+00
2.637500000000000178e+00 0.000000000000000000e+00
2.650000000000000355e+00 0.000000000000000000e+00
2.662500000000000089e+00 0.000000000000000000e+00
2.675000000000000266e+00 0.000000000000000000e+00
2.687500000000000000e+00 0.000000000000000000e+00
2.700000000000000178e+00 0.000000000000000000e+00
2.712500000000000355e+00 0.000000000000000000e+00
2.725000000000000089e+00 0.000000000000000000e+00
2.737500000000000266e+00 0.000000000000000000e+00
2.750000000000000000e+00 0.000000000000000000e+00
2.762500000000000178e+00 0.000000000000000000e+00
2.775000000000000355e+00 0.000000000000000000e+00
2.787500000000000089e+00 0.000000000000000000e+00
2.800000000000000266e+00 0.000000000000000000e+00
2.812500000000000000e+00 0.000000000000000000e+00
2.825000000000000178e+00 0.000000000000000000e+00
2.837500000000000355e+00 0.000000000000000000e+00
2.850000000000000089e+00 0.000000000000000000e+00
2.862500000000000266e+00 0.000000000000000000e+00
2.875000000000000000e+00 0.000000000000000000e+00
2.887500000000000178e+00 0.000000000000000000e+00
2.900000000000000355e+00 0.000000000000000000e+00
2.912500000000000089e+00 0.000000000000000000e+00
2.925000000000000266e+00 0.000000000000000000e+00
2.937500000000000000e+00 0.000000000000000000e+00
2.950000000000000178e+00 0.000000000000000000e+00
2.962500000000000355e+00 0.000000000000000000e+00
2.975000000000000089e+00 0.000000000000000000e+00
2.987500000000000266e+00 0.000000000000000000e+00
3.000000000000000000e+00 0.000000000000000000e+00
3.012500000000000178e+00 0.000000000000000000e+00
3.025000000000000355e+00 0.000000000000000000e+00
3.037500000000000089e+00 0.000000000000000000e+00
3.050000000000000266e+00 0.000000000000000000e+00
3.062500000000000000e+00 0.000000000000000000e+00
3.075000000000000178e+00 0.000000000000000000e+00
3.087500000000000355e+00 0.000000000000000000e+00
3.100000000000000089e+00 0.000000000000000000e+00
3.112500000000000266e+00 0.000000000000000000e+00
3.125000000000000000e+00 0.000000000000000000e+00
3.137500000000000178e+00 0.000000000000000000e+00
3.150000000000000355e+00 0.000000000000000000e+00
3.162500000000000089e+00 0.000000000000000000e+00
3.175000000000000266e+00 0.000000000000000000e+00
3.187500000000000000e+00 0.000000000000000000e+00
3.200000000000000178e+00 0.000000000000000000e+00
3.212500000000000355e+00 0.000000000000000000e+00
3.225000000000000089e+00 0.000000000000000000e+00
3.237500000000000266e+00 0.000000000000000000e+00
3.250000000000000000e+00 0.000000000000000000e+00
3.262500000000000178e+00 0.000000000000000000e+00
3.275000000000000355e+00 0.000000000000000000e+00
3.287500000000000089e+00 0.000000000000000000e+00
3.300000000000000266e+00 0.000000000000000000e+00
3.312500000000000000e+00 0.000000000000000000e+00
3.325000000000000178e+00 0.000000000000000000e+00
3.337500000000000355e+00 0.000000000000000000e+00
3.350000000000000089e+00 0.000000000000000000e+00
3.362500000000000266e+00 0.000000000000000000e+00
3.375000000000000000e+00 0.000000000000000000e+00
3.387500000000000178e+00 0.000000000000000000e+00
3.400000000000000355e+00 0.000000000000000000e+00
3.412500000000000089e+00 0.000000000000000000e+00
3.425000000000000266e+00 0.000000000000000000e+00
3.437500000000000000e+00 0.000000000000000000e+00
3.450000000000000178e+00 0.000000000000000000e+00
3.462500000000000355e+00 0.000000000000000000e+00
3.475000000000000089e+00 0.000000000000000000e+00
3.487500000000000266e+00 0.000000000000000000e+00
3.500000000000000000e+00 0.000000000000000000e+00
3.512500000000000178e+00 0.000000000000000000e+00
3.525000000000000355e+00 0.000000000000000000e+00
3.537500000000000089e+00 0.000000000000000000e+00
3.550000000000000266e+00 0.000000000000000000e+00
3.562500000000000000e+00 0.000000000000000000e+00
3.575000000000000178e+00 0.000000000000000000e+00
3.587500000000000355e+00 0.000000000000000000e+00
3.600000000000000089e+00 0.000000000000000000e+00
3.612500000000000266e+00 0.000000000000000000e+00
3.625000000000000000e+00 0.000000000000000000e+00
3.637500000000000178e+00 0.000000000000000000e+00
3.650000000000000355e+00 0.000000000000000000e+00
3.662500000000000089e+00 0.000000000000000000e+00
3.675000000000000266e+00 0.000000000000000000e+00
3.687500000000000000e+00 0.000000000000000000e+00
3.700000000000000178e+00 0.000000000000000000e+00
3.712500000000000355e+00 0.000000000000000000e+00
3.725000000000000089e+00 0.000000000000000000e+00
3.737500000000000266e+00 0.000000000000000000e+00
3.750000000000000000e+00 0.000000000000000000e+00
3.762500000000000178e+00 0.000000000000000000e+00
3.775000000000000355e+00 0.000000000000000000e+00
3.787500000000000089e+00 0.000000000000000000e+00
3.800000000000000266e+00 0.000000000000000000e+00
3.812500000000000000e+00 0.000000000000000000e+00
3.825000000000000178e+00 0.000000000000000000e+00
3.837500000000000355e+00 0.000000000000000000e+00
3.850000000000000089e+00 0.000000000000000000e+00
3.862500000000000266e+00 0.000000000000000000e+00
3.875000000000000000e+00 0.000000000000000000e+00
3.887500000000000178e+00 0.000000000000000000e+00
3.900000000000000355e+00 0.000000000000000000e+00
3.912500000000000089e+00 0.000000000000000000e+00
3.925000000000000266e+00 0.000000000000000000e+00
3.937500000000000000e+00 0.000000000000000000e+00
3.950000000000000178e+00 0.000000000000000000e+00
3.962500000000000355e+00 0.000000000000000000e+00
3.975000000000000089e+00 0.000000000000000000e+00
3.987500000000000266e+00 0.000000000000000000e+00
