0.000000000000000000e+00 0.000000000000000000e+00
1.250000000000000069e-02 0.000000000000000000e+00
2.500000000000000139e-02 0.000000000000000000e+00
3.750000000000000555e-02 0.000000000000000000e+00
5.000000000000000278e-02 0.000000000000000000e+00
6.250000000000000000e-02 0.000000000000000000e+00
7.500000000000001110e-02 0.000000000000000000e+00
8.750000000000000833e-02 0.000000000000000000e+00
1.000000000000000056e-01 0.000000000000000000e+00
1.125000000000000028e-01 0.000000000000000000e+00
1.250000000000000000e-01 0.000000000000000000e+00
1.375000000000000111e-01 0.000000000000000000e+00
1.500000000000000222e-01 0.000000000000000000e+00
1.625000000000000056e-01 0.000000000000000000e+00
1.750000000000000167e-01 0.000000000000000000e+00
1.875000000000000000e-01 0.000000000000000000e+00
2.000000000000000111e-01 0.000000000000000000e+00
2.125000000000000222e-01 0.000000000000000000e+00
2.250000000000000056e-01 0.000000000000000000e+00
2.375000000000000167e-01 0.000000000000000000e+00
2.500000000000000000e-01 0.000000000000000000e+00
2.625000000000000111e-01 0.000000000000000000e+00
2.750000000000000222e-01 0.000000000000000000e+00
2.875000000000000333e-01 0.000000000000000000e+00
3.000000000000000444e-01 0.000000000000000000e+00
3.125000000000000000e-01 0.000000000000000000e+00
3.250000000000000111e-01 0.000000000000000000e+00
3.375000000000000222e-01 0.000000000000000000e+00
3.500000000000000333e-01 0.000000000000000000e+00
3.625000000000000444e-01 0.000000000000000000e+00
3.750000000000000000e-01 0.000000000000000000e+00
3.875000000000000111e-01 0.000000000000000000e+00
4.000000000000000222e-01 0.000000000000000000e+00
4.125000000000000333e-01 0.000000000000000000e+00
4.250000000000000444e-01 0.000000000000000000e+00
4.375000000000000000e-01 0.000000000000000000e+00
4.500000000000000111e-01 0.000000000000000000e+00
4.625000000000000222e-01 0.000000000000000000e+00
4.750000000000000333e-01 0.000000000000000000e+00
4.875000000000000444e-01 0.000000000000000000e+00
5.000000000000000000e-01 0.000000000000000000e+00
5.125000000000000666e-01 0.000000000000000000e+00
5.250000000000000222e-01 0.000000000000000000e+00
5.374999999999999778e-01 0.000000000000000000e+00
5.500000000000000444e-01 0.000000000000000000e+00
5.625000000000000000e-01 0.000000000000000000e+00
5.750000000000000666e-01 0.000000000000000000e+00
5.875000000000000222e-01 -1.084060999888457486e-314
6.000000000000000888e-01 -2.985817686985613293e-303
6.125000000000000444e-01 -8.183813999999999890e-292
6.250000000000000000e-01 -2.248571999999999759e-280
6.375000000000000666e-01 -6.193215784265433782e-269
6.500000000000000222e-01 -1.697495000000000105e-257
6.625000000000000888e-01 -4.675392793285595454e-246
6.750000000000000444e-01 -1.281475999999999882e-234
6.875000000000000000e-01 -3.520963000000000344e-223
7.000000000000000666e-01 -9.697749235366537157e-212
7.125000000000000222e-01 -2.658050999999999775e-200
7.250000000000000888e-01 -7.321041374687106705e-189
7.375000000000000444e-01 -2.006620999999999783e-177
7.500000000000000000e-01 -5.513358000000000343e-166
7.625000000000000666e-01 -1.518537735362255214e-154
7.750000000000000222e-01 -4.162153999999999782e-143
7.875000000000000888e-01 -1.146377745412529785e-131
8.000000000000000444e-01 -3.142100000000000123e-120
8.125000000000000000e-01 -8.633184000000000287e-109
8.250000000000000666e-01 -2.377828594492606944e-97
8.375000000000000222e-01 -6.517377999999999799e-86
8.500000000000000888e-01 -1.795073935524535058e-74
8.625000000000000444e-01 -4.920109999999999687e-63
8.750000000000000000e-01 -1.351841000000000146e-51
8.875000000000000666e-01 -3.723361162753669778e-40
9.000000000000000222e-01 -1.020533999999999957e-28
9.125000000000000888e-01 -2.804003999967916239e-17
9.250000000000000444e-01 3.609530999999999763e-14
9.375000000000000000e-01 6.516455999999999996e-12
9.500000000000000666e-01 6.885634000003816369e-10
9.625000000000000222e-01 4.365666999999999913e-08
9.750000000000000888e-01 1.696307000000350192e-06
9.875000000000000444e-01 4.114113000000000026e-05
1.000000000000000000e+00 6.383346000000000462e-04
1.012499999999999956e+00 6.452974000000000210e-03
1.025000000000000133e+00 4.328255000000275077e-02
1.037500000000000089e+00 1.981218999999999897e-01
1.050000000000000044e+00 6.360306000000000015e-01
1.062500000000000000e+00 1.481540999999999997e+00
1.074999999999999956e+00 2.606155999999999917e+00
1.087500000000000133e+00 3.650497000000012093e+00
1.100000000000000089e+00 4.331767000000000145e+00
1.112500000000000044e+00 4.641695000000000348e+00
1.125000000000000000e+00 4.732387000000000121e+00
1.137499999999999956e+00 4.741333000000000020e+00
1.150000000000000133e+00 4.722926000000000180e+00
1.162500000000000089e+00 4.699987000000000137e+00
1.175000000000000044e+00 4.676110000000000433e+00
1.187500000000000000e+00 4.654505999999999588e+00
1.200000000000000178e+00 4.644455999999999918e+00
1.212500000000000133e+00 4.633357999999999421e+00
1.225000000000000089e+00 4.596682000000000379e+00
1.237500000000000044e+00 4.526482999999999812e+00
1.250000000000000000e+00 4.334426999999999808e+00
1.262500000000000178e+00 3.902918999999986482e+00
1.275000000000000133e+00 3.161584999999983214e+00
1.287500000000000089e+00 2.200102999999999920e+00
1.300000000000000044e+00 1.272413999999999934e+00
1.312500000000000000e+00 5.965230999999999728e-01
1.325000000000000178e+00 2.240759999999971941e-01
1.337500000000000133e+00 6.689248999999909684e-02
1.350000000000000089e+00 1.586978000000000000e-02
1.362500000000000044e+00 2.992958999999999897e-03
1.375000000000000000e+00 4.496128999999999859e-04
1.387500000000000178e+00 5.410662999999912929e-05
1.400000000000000133e+00 5.256839999999913233e-06
1.412500000000000089e+00 4.130208000000000187e-07
1.425000000000000044e+00 2.631947999999999978e-08
1.437500000000000000e+00 1.372624999999999900e-09
1.450000000000000178e+00 5.885147999999898901e-11
1.462500000000000133e+00 2.090301999999964086e-12
1.475000000000000089e+00 6.187152999999999506e-14
1.487500000000000044e+00 1.683092999999999954e-15
1.500000000000000000e+00 3.305862000000000145e-22
1.512500000000000178e+00 1.203188999999978617e-33
1.525000000000000133e+00 4.379078999999922289e-45
1.537500000000000089e+00 1.593793000000000059e-56
1.550000000000000044e+00 5.800706999999999896e-68
1.562500000000000000e+00 2.111202999999999996e-79
1.575000000000000178e+00 7.683851999999863543e-91
1.587500000000000133e+00 2.796584999999950551e-102
1.600000000000000089e+00 1.017834000000000046e-113
1.612500000000000044e+00 3.704471000000000145e-125
1.625000000000000000e+00 1.348265000000000048e-136
1.637500000000000178e+00 4.907092999999912970e-148
1.650000000000000133e+00 1.785966999999968067e-159
1.662500000000000089e+00 6.500135000000000370e-171
1.675000000000000044e+00 2.365764000000000145e-182
1.687500000000000000e+00 8.610343000000000192e-194
1.700000000000000178e+00 3.133786999999944216e-205
1.712500000000000133e+00 1.140560999999979785e-216
1.725000000000000089e+00 4.151141999999999724e-228
1.737500000000000044e+00 1.510833999999999938e-239
1.750000000000000000e+00 5.498771999999999887e-251
1.762500000000000178e+00 2.001311999999964530e-262
1.775000000000000133e+00 7.283896999999870799e-274
1.787500000000000089e+00 2.651018999999999994e-285
1.800000000000000044e+00 9.648547000000000266e-297
1.812500000000000000e+00 3.511647999999999910e-308
1.825000000000000178e+00 1.278098419226720685e-319
1.837500000000000133e+00 0.000000000000000000e+00
1.850000000000000089e+00 0.000000000000000000e+00
1.862500000000000044e+00 0.000000000000000000e+00
1.875000000000000000e+00 0.000000000000000000e+00
1.887500000000000178e+00 0.000000000000000000e+00
1.900000000000000133e+00 0.000000000000000000e+00
1.912500000000000089e+00 0.000000000000000000e+00
1.925000000000000044e+00 0.000000000000000000e+00
1.937500000000000000e+00 0.000000000000000000e+00
1.950000000000000178e+00 0.000000000000000000e+00
1.962500000000000133e+00 0.000000000000000000e+00
1.975000000000000089e+00 0.000000000000000000e+00
1.987500000000000044e+00 0.000000000000000000e+00
2.000000000000000000e+00 0.000000000000000000e+00
2.012500000000000178e+00 0.000000000000000000e+00
2.024999999999999911e+00 0.000000000000000000e+00
2.037500000000000089e+00 0.000000000000000000e+00
2.050000000000000266e+00 0.000000000000000000e+00
2.062500000000000000e+00 0.000000000000000000e+00
2.075000000000000178e+00 0.000000000000000000e+00
2.087499999999999911e+00 0.000000000000000000e+00
2.100000000000000089e+00 0.000000000000000000e+00
2.112500000000000266e+00 0.000000000000000000e+00
2.125000000000000000e+00 0.000000000000000000e+00
2.137500000000000178e+00 0.000000000000000000e+00
2.149999999999999911e+00 0.000000000000000000e+00
2.162500000000000089e+00 0.000000000000000000e+00
2.175000000000000266e+00 0.000000000000000000e+00
2.187500000000000000e+00 0.000000000000000000e+00
2.200000000000000178e+00 0.000000000000000000e+00
2.212499999999999911e+00 0.000000000000000000e+00
2.225000000000000089e+00 0.000000000000000000e+00
2.237500000000000266e+00 0.000000000000000000e+00
2.250000000000000000e+00 0.000000000000000000e+00
2.262500000000000178e+00 0.000000000000000000e+00
2.274999999999999911e+00 0.000000000000000000e+00
2.287500000000000089e+00 0.000000000000000000e+00
2.300000000000000266e+00 0.000000000000000000e+00
2.312500000000000000e+00 0.000000000000000000e+00
2.325000000000000178e+00 0.000000000000000000e+00
2.337499999999999911e+00 0.000000000000000000e+00
2.350000000000000089e+00 0.000000000000000000e+00
2.362500000000000266e+00 0.000000000000000000e+00
2.375000000000000000e+00 0.000000000000000000e+00
2.387500000000000178e+00 0.000000000000000000e+00
2.400000000000000355e+00 0.000000000000000000e+00
2.412500000000000089e+00 0.000000000000000000e+00
2.425000000000000266e+00 0.000000000000000000e+00
2.437500000000000000e+00 0.000000000000000000e+00
2.450000000000000178e+00 0.000000000000000000e+00
2.462500000000000355e+00 0.000000000000000000e+00
2.475000000000000089e+00 0.000000000000000000e+00
2.487500000000000266e+00 0.000000000000000000e+00
2.500000000000000000e+00 0.000000000000000000e+00
2.512500000000000178e+00 0.000000000000000000e+00
2.525000000000000355e+00 0.000000000000000000e+00
2.537500000000000089e+00 0.000000000000000000e+00
2.550000000000000266e+00 0.000000000000000000e+00
2.562500000000000000e+00 0.000000000000000000e+00
2.575000000000000178e+00 0.000000000000000000e+00
2.587500000000000355e+00 0.000000000000000000e+00
2.600000000000000089e+00 0.000000000000000000e+00
2.612500000000000266e+00 0.000000000000000000e+00
2.625000000000000000e+00 0.000000000000000000e+00
2.637500000000000178e+00 0.000000000000000000e+00
2.650000000000000355e+00 0.000000000000000000e+00
2.662500000000000089e+00 0.000000000000000000e+00
2.675000000000000266e+00 0.000000000000000000e+00
2.687500000000000000e+00 0.000000000000000000e+00
2.700000000000000178e+00 0.000000000000000000e+00
2.712500000000000355e+00 0.000000000000000000e+00
2.725000000000000089e+00 0.000000000000000000e+00
2.737500000000000266e+00 0.000000000000000000e+00
2.750000000000000000e+00 0.000000000000000000e+00
2.762500000000000178e+00 0.000000000000000000e+00
2.775000000000000355e+00 0.000000000000000000e+00
2.787500000000000089e+00 0.000000000000000000e+00
2.800000000000000266e+00 0.000000000000000000e+00
2.812500000000000000e+00 0.000000000000000000e+00
2.825000000000000178e+00 0.000000000000000000e+00
2.837500000000000355e+00 0.000000000000000000e+00
2.850000000000000089e+00 0.000000000000000000e+00
2.862500000000000266e+00 0.000000000000000000e+00
2.875000000000000000e+00 0.000000000000000000e+00
2.887500000000000178e+00 0.000000000000000000e+00
2.900000000000000355e+00 0.000000000000000000e+00
2.912500000000000089e+00 0.000000000000000000e+00
2.925000000000000266e+00 0.000000000000000000e+00
2.937500000000000000e+00 0.000000000000000000e+00
2.950000000000000178e+00 0.000000000000000000e+00
2.962500000000000355e+00 0.000000000000000000e+00
2.975000000000000089e+00 0.000000000000000000e+00
2.987500000000000266e+00 0.000000000000000000e+00
3.000000000000000000e+00 0.000000000000000000e+00
3.012500000000000178e+00 0.000000000000000000e+00
3.025000000000000355e+00 0.000000000000000000e+00
3.037500000000000089e+00 0.000000000000000000e+00
3.050000000000000266e+00 0.000000000000000000e+00
3.062500000000000000e+00 0.000000000000000000e+00
3.075000000000000178e+00 0.000000000000000000e+00
3.087500000000000355e+00 0.000000000000000000e+00
3.100000000000000089e+00 0.000000000000000000e+00
3.112500000000000266e+00 0.000000000000000000e+00
3.125000000000000000e+00 0.000000000000000000e+00
3.137500000000000178e+00 0.000000000000000000e+00
3.150000000000000355e+00 0.000000000000000000e+00
3.162500000000000089e+00 0.000000000000000000e+00
3.175000000000000266e+00 0.000000000000000000e+00
3.187500000000000000e+00 0.000000000000000000e+00
3.200000000000000178e+00 0.000000000000000000e+00
3.212500000000000355e+00 0.000000000000000000e+00
3.225000000000000089e+00 0.000000000000000000e+00
3.237500000000000266e+00 0.000000000000000000e+00
3.250000000000000000e+00 0.000000000000000000e+00
3.262500000000000178e+00 0.000000000000000000e+00
3.275000000000000355e+00 0.000000000000000000e+00
3.287500000000000089e+00 0.000000000000000000e+00
3.300000000000000266e+00 0.000000000000000000e+00
3.312500000000000000e+00 0.000000000000000000e+00
3.325000000000000178e+00 0.000000000000000000e+00
3.337500000000000355e+00 0.000000000000000000e+00
3.350000000000000089e+00 0.000000000000000000e+00
3.362500000000000266e+00 0.000000000000000000e+00
3.375000000000000000e+00 0.000000000000000000e+00
3.387500000000000178e+00 0.000000000000000000e+00
3.400000000000000355e+00 0.000000000000000000e+00
3.412500000000000089e+00 0.000000000000000000e+00
3.425000000000000266e+00 0.000000000000000000e+00
3.437500000000000000e+00 0.000000000000000000e+00
3.450000000000000178e+00 0.000000000000000000e+00
3.462500000000000355e+00 0.000000000000000000e+00
3.475000000000000089e+00 0.000000000000000000e+00
3.487500000000000266e+00 0.000000000000000000e+00
3.500000000000000000e+00 0.000000000000000000e+00
3.512500000000000178e+00 0.000000000000000000e+00
3.525000000000000355e+00 0.000000000000000000e+00
3.537500000000000089e+00 0.000000000000000000e+00
3.550000000000000266e+00 0.000000000000000000e+00
3.562500000000000000e+00 0.000000000000000000e+00
3.575000000000000178e+00 0.000000000000000000e+00
3.587500000000000355e+00 0.000000000000000000e+00
3.600000000000000089e+00 0.000000000000000000e+00
3.612500000000000266e+00 0.000000000000000000e+00
3.625000000000000000e+00 0.000000000000000000e+00
3.637500000000000178e+00 0.000000000000000000e+00
3.650000000000000355e+00 0.000000000000000000e+00
3.662500000000000089e+00 0.000000000000000000e+00
3.675000000000000266e+00 0.000000000000000000e+00
3.687500000000000000e+00 0.000000000000000000e+00
3.700000000000000178e+00 0.000000000000000000e+00
3.712500000000000355e+00 0.000000000000000000e+00
3.725000000000000089e+00 0.000000000000000000e+00
3.737500000000000266e+00 0.000000000000000000e+00
3.750000000000000000e+00 0.000000000000000000e+00
3.762500000000000178e+00 0.000000000000000000e+00
3.775000000000000355e+00 0.000000000000000000e+00
3.787500000000000089e+00 0.000000000000000000e+00
3.800000000000000266e+00 0.000000000000000000e+00
3.812500000000000000e+00 0.000000000000000000e+00
3.825000000000000178e+00 0.000000000000000000e+00
3.837500000000000355e+00 0.000000000000000000e+00
3.850000000000000089e+00 0.000000000000000000e+00
3.862500000000000266e+00 0.000000000000000000e+00
3.875000000000000000e+00 0.000000000000000000e+00
3.887500000000000178e+00 0.000000000000000000e+00
3.900000000000000355e+00 0.000000000000000000e+00
3.912500000000000089e+00 0.000000000000000000e+00
3.925000000000000266e+00 0.000000000000000000e+00
3.937500000000000000e+00 0.000000000000000000e+00
3.950000000000000178e+00 0.000000000000000000e+00
3.962500000000000355e+00 0.000000000000000000e+00
3.975000000000000089e+00 0.000000000000000000e+00
3.987500000000000266e+00 0.000000000000000000e+00
