0.000000000000000000e+00 0.000000000000000000e+00
1.250000000000000069e-02 0.000000000000000000e+00
2.500000000000000139e-02 0.000000000000000000e+00
3.750000000000000555e-02 0.000000000000000000e+00
5.000000000000000278e-02 0.000000000000000000e+00
6.250000000000000000e-02 0.000000000000000000e+00
7.500000000000001110e-02 0.000000000000000000e+00
8.750000000000000833e-02 0.000000000000000000e+00
1.000000000000000056e-01 0.000000000000000000e+00
1.125000000000000028e-01 0.000000000000000000e+00
1.250000000000000000e-01 0.000000000000000000e+00
1.375000000000000111e-01 0.000000000000000000e+00
1.500000000000000222e-01 0.000000000000000000e+00
1.625000000000000056e-01 0.000000000000000000e+00
1.750000000000000167e-01 0.000000000000000000e+00
1.875000000000000000e-01 0.000000000000000000e+00
2.000000000000000111e-01 0.000000000000000000e+00
2.125000000000000222e-01 0.000000000000000000e+00
2.250000000000000056e-01 0.000000000000000000e+00
2.375000000000000167e-01 0.000000000000000000e+00
2.500000000000000000e-01 0.000000000000000000e+00
2.625000000000000111e-01 0.000000000000000000e+00
2.750000000000000222e-01 0.000000000000000000e+00
2.875000000000000333e-01 0.000000000000000000e+00
3.000000000000000444e-01 0.000000000000000000e+00
3.125000000000000000e-01 0.000000000000000000e+00
3.250000000000000111e-01 0.000000000000000000e+00
3.375000000000000222e-01 0.000000000000000000e+00
3.500000000000000333e-01 0.000000000000000000e+00
3.625000000000000444e-01 0.000000000000000000e+00
3.750000000000000000e-01 0.000000000000000000e+00
3.875000000000000111e-01 0.000000000000000000e+00
4.000000000000000222e-01 -4.255145315464194274e-318
4.125000000000000333e-01 -1.170563548656974525e-306
4.250000000000000444e-01 -3.216221562452367279e-295
4.375000000000000000e-01 -8.826069999999999540e-284
4.500000000000000111e-01 -2.425037000000000126e-272
4.625000000000000222e-01 -6.662992000000000012e-261
4.750000000000000333e-01 -1.832946785156838546e-249
4.875000000000000444e-01 -5.036174512720249973e-238
5.000000000000000000e-01 -1.382045000000000082e-226
5.125000000000000666e-01 -3.806550685196929091e-215
5.250000000000000222e-01 -1.043335999999999996e-203
5.374999999999999778e-01 -2.866651999999999840e-192
5.500000000000000444e-01 -7.876365999999999510e-181
5.625000000000000000e-01 -2.164097999999999916e-169
5.750000000000000666e-01 -5.960550384005408166e-158
5.875000000000000222e-01 -1.633724000000000007e-146
6.000000000000000888e-01 -4.499748206430784576e-135
6.125000000000000444e-01 -1.233334000000000059e-123
6.250000000000000000e-01 -3.388688000000000106e-112
6.375000000000000666e-01 -9.333426327041980990e-101
6.500000000000000222e-01 -2.558193999999999913e-89
6.625000000000000888e-01 -7.046005821385417444e-78
6.750000000000000444e-01 -1.931235999999999879e-66
6.875000000000000000e-01 -5.306233999999999935e-55
7.000000000000000666e-01 -1.461489857120015872e-43
7.125000000000000222e-01 -4.005791000000000184e-32
7.250000000000000888e-01 -1.100624992113945489e-20
7.375000000000000444e-01 8.878897000000000514e-15
7.500000000000000000e-01 3.140761999999999981e-12
7.625000000000000666e-01 5.796513000005024708e-10
7.750000000000000222e-01 5.715989000000000164e-08
7.875000000000000888e-01 3.097750000000815383e-06
8.000000000000000444e-01 9.489089000000000248e-05
8.125000000000000000e-01 1.688845000000000016e-03
8.250000000000000666e-01 1.792002000000088302e-02
8.375000000000000222e-01 1.173585999999999935e-01
8.500000000000000888e-01 4.904080000000077821e-01
8.625000000000000444e-01 1.364627999999999952e+00
8.750000000000000000e-01 2.664649999999999963e+00
8.875000000000000666e-01 3.915662000000007303e+00
9.000000000000000222e-01 4.698242999999999725e+00
9.125000000000000888e-01 5.013333000000001149e+00
9.250000000000000444e-01 5.090290000000000425e+00
9.375000000000000000e-01 5.089483000000000423e+00
9.500000000000000666e-01 5.068319999999999936e+00
9.625000000000000222e-01 5.044887000000000121e+00
9.750000000000000888e-01 5.024930000000000341e+00
9.875000000000000444e-01 4.998908000000000129e+00
1.000000000000000000e+00 4.988826000000000427e+00
1.012499999999999956e+00 4.973525999999999669e+00
1.025000000000000133e+00 4.910736999999996577e+00
1.037500000000000089e+00 4.731919999999999682e+00
1.050000000000000044e+00 4.270271000000000150e+00
1.062500000000000000e+00 3.404860000000000220e+00
1.074999999999999956e+00 2.256361000000000061e+00
1.087500000000000133e+00 1.188147999999987547e+00
1.100000000000000089e+00 4.830509000000000053e-01
1.112500000000000044e+00 1.493430000000000035e-01
1.125000000000000000e+00 3.489972999999999687e-02
1.137499999999999956e+00 6.167609000000000112e-03
1.150000000000000133e+00 8.254611999999868308e-04
1.162500000000000089e+00 8.417531999999999489e-05
1.175000000000000044e+00 6.581312000000000322e-06
1.187500000000000000e+00 3.975689000000000125e-07
1.200000000000000178e+00 1.873984999999967861e-08
1.212500000000000133e+00 6.923508999999880784e-10
1.225000000000000089e+00 2.014699999999999968e-11
1.237500000000000044e+00 4.674072999999999808e-13
1.250000000000000000e+00 8.547662000000000172e-15
1.262500000000000178e+00 -3.633183999999935446e-18
1.275000000000000133e+00 -1.322319999999976409e-29
1.287500000000000089e+00 -4.812663000000000190e-41
1.300000000000000044e+00 -1.751598000000000135e-52
1.312500000000000000e+00 -6.375050000000000385e-64
1.325000000000000178e+00 -2.320237999999958603e-75
1.337500000000000133e+00 -8.444649999999850730e-87
1.350000000000000089e+00 -3.073482000000000224e-98
1.362500000000000044e+00 -1.118613000000000076e-109
1.375000000000000000e+00 -4.071259999999999987e-121
1.387500000000000178e+00 -1.481759999999973710e-132
1.400000000000000133e+00 -5.392955999999904912e-144
1.412500000000000089e+00 -1.962800000000000135e-155
1.425000000000000044e+00 -7.143730000000000704e-167
1.437500000000000000e+00 -2.600003999999999878e-178
1.450000000000000178e+00 -9.462874999999833010e-190
1.462500000000000133e+00 -3.444070999999938992e-201
1.475000000000000089e+00 -1.253490999999999958e-212
1.487500000000000044e+00 -4.562157000000000280e-224
1.500000000000000000e+00 -1.660425000000000089e-235
1.512500000000000178e+00 -6.043218999999891973e-247
1.525000000000000133e+00 -2.199466999999960590e-258
1.537500000000000089e+00 -8.005093999999999779e-270
1.550000000000000044e+00 -2.913502999999999848e-281
1.562500000000000000e+00 -1.060386999999999901e-292
1.575000000000000178e+00 -3.859344999999931554e-304
1.587500000000000133e+00 -1.404632000654368562e-315
1.600000000000000089e+00 0.000000000000000000e+00
1.612500000000000044e+00 0.000000000000000000e+00
1.625000000000000000e+00 0.000000000000000000e+00
1.637500000000000178e+00 0.000000000000000000e+00
1.650000000000000133e+00 0.000000000000000000e+00
1.662500000000000089e+00 0.000000000000000000e+00
1.675000000000000044e+00 0.000000000000000000e+00
1.687500000000000000e+00 0.000000000000000000e+00
1.700000000000000178e+00 0.000000000000000000e+00
1.712500000000000133e+00 0.000000000000000000e+00
1.725000000000000089e+00 0.000000000000000000e+00
1.737500000000000044e+00 0.000000000000000000e+00
1.750000000000000000e+00 0.000000000000000000e+00
1.762500000000000178e+00 0.000000000000000000e+00
1.775000000000000133e+00 0.000000000000000000e+00
1.787500000000000089e+00 0.000000000000000000e+00
1.800000000000000044e+00 0.000000000000000000e+00
1.812500000000000000e+00 0.000000000000000000e+00
1.825000000000000178e+00 0.000000000000000000e+00
1.837500000000000133e+00 0.000000000000000000e+00
1.850000000000000089e+00 0.000000000000000000e+00
1.862500000000000044e+00 0.000000000000000000e+00
1.875000000000000000e+00 0.000000000000000000e+00
1.887500000000000178e+00 0.000000000000000000e+00
1.900000000000000133e+00 0.000000000000000000e+00
1.912500000000000089e+00 0.000000000000000000e+00
1.925000000000000044e+00 0.000000000000000000e+00
1.937500000000000000e+00 0.000000000000000000e+00
1.950000000000000178e+00 0.000000000000000000e+00
1.962500000000000133e+00 0.000000000000000000e+00
1.975000000000000089e+00 0.000000000000000000e+00
1.987500000000000044e+00 0.000000000000000000e+00
2.000000000000000000e+00 0.000000000000000000e+00
2.012500000000000178e+00 0.000000000000000000e+00
2.024999999999999911e+00 0.000000000000000000e+00
2.037500000000000089e+00 0.000000000000000000e+00
2.050000000000000266e+00 0.000000000000000000e+00
2.062500000000000000e+00 0.000000000000000000e+00
2.075000000000000178e+00 0.000000000000000000e+00
2.087499999999999911e+00 0.000000000000000000e+00
2.100000000000000089e+00 0.000000000000000000e+00
2.112500000000000266e+00 0.000000000000000000e+00
2.125000000000000000e+00 0.000000000000000000e+00
2.137500000000000178e+00 0.000000000000000000e+00
2.149999999999999911e+00 0.000000000000000000e+00
2.162500000000000089e+00 0.000000000000000000e+00
2.175000000000000266e+00 0.000000000000000000e+00
2.187500000000000000e+00 0.000000000000000000e+00
2.200000000000000178e+00 0.000000000000000000e+00
2.212499999999999911e+00 0.000000000000000000e+00
2.225000000000000089e+00 0.000000000000000000e+00
2.237500000000000266e+00 0.000000000000000000e+00
2.250000000000000000e+00 0.000000000000000000e+00
2.262500000000000178e+00 0.000000000000000000e+00
2.274999999999999911e+00 0.000000000000000000e+00
2.287500000000000089e+00 0.000000000000000000e+00
2.300000000000000266e+00 0.000000000000000000e+00
2.312500000000000000e+00 0.000000000000000000e+00
2.325000000000000178e+00 0.000000000000000000e+00
2.337499999999999911e+00 0.000000000000000000e+00
2.350000000000000089e+00 0.000000000000000000e+00
2.362500000000000266e+00 0.000000000000000000e+00
2.375000000000000000e+00 0.000000000000000000e+00
2.387500000000000178e+00 0.000000000000000000e+00
2.400000000000000355e+00 0.000000000000000000e+00
2.412500000000000089e+00 0.000000000000000000e+00
2.425000000000000266e+00 0.000000000000000000e+00
2.437500000000000000e+00 0.000000000000000000e+00
2.450000000000000178e+00 0.000000000000000000e+00
2.462500000000000355e+00 0.000000000000000000e+00
2.475000000000000089e+00 0.000000000000000000e+00
2.487500000000000266e+00 0.000000000000000000e+00
2.500000000000000000e+00 0.000000000000000000e+00
2.512500000000000178e+00 0.000000000000000000e+00
2.525000000000000355e+00 0.000000000000000000e+00
2.537500000000000089e+00 0.000000000000000000e+00
2.550000000000000266e+00 0.000000000000000000e+00
2.562500000000000000e+00 0.000000000000000000e+00
2.575000000000000178e+00 0.000000000000000000e+00
2.587500000000000355e+00 0.000000000000000000e+00
2.600000000000000089e+00 0.000000000000000000e+00
2.612500000000000266e+00 0.000000000000000000e+00
2.625000000000000000e+00 0.000000000000000000e+00
2.637500000000000178e+00 0.000000000000000000e+00
2.650000000000000355e+00 0.000000000000000000e+00
2.662500000000000089e+00 0.000000000000000000e+00
2.675000000000000266e+00 0.000000000000000000e+00
2.687500000000000000e+00 0.000000000000000000e+00
2.700000000000000178e+00 0.000000000000000000e+00
2.712500000000000355e+00 0.000000000000000000e+00
2.725000000000000089e+00 0.000000000000000000e+00
2.737500000000000266e+00 0.000000000000000000e+00
2.750000000000000000e+00 0.000000000000000000e+00
2.762500000000000178e+00 0.000000000000000000e+00
2.775000000000000355e+00 0.000000000000000000e+00
2.787500000000000089e+00 0.000000000000000000e+00
2.800000000000000266e+00 0.000000000000000000e+00
2.812500000000000000e+00 0.000000000000000000e+00
2.825000000000000178e+00 0.000000000000000000e+00
2.837500000000000355e+00 0.000000000000000000e+00
2.850000000000000089e+00 0.000000000000000000e+00
2.862500000000000266e+00 0.000000000000000000e+00
2.875000000000000000e+00 0.000000000000000000e+00
2.887500000000000178e+00 0.000000000000000000e+00
2.900000000000000355e+00 0.000000000000000000e+00
2.912500000000000089e+00 0.000000000000000000e+00
2.925000000000000266e+00 0.000000000000000000e+00
2.937500000000000000e+00 0.000000000000000000e+00
2.950000000000000178e+00 0.000000000000000000e+00
2.962500000000000355e+00 0.000000000000000000e+00
2.975000000000000089e+00 0.000000000000000000e+00
2.987500000000000266e+00 0.000000000000000000e+00
3.000000000000000000e+00 0.000000000000000000e+00
3.012500000000000178e+00 0.000000000000000000e+00
3.025000000000000355e+00 0.000000000000000000e+00
3.037500000000000089e+00 0.000000000000000000e+00
3.050000000000000266e+00 0.000000000000000000e+00
3.062500000000000000e+00 0.000000000000000000e+00
3.075000000000000178e+00 0.000000000000000000e+00
3.087500000000000355e+00 0.000000000000000000e+00
3.100000000000000089e+00 0.000000000000000000e+00
3.112500000000000266e+00 0.000000000000000000e+00
3.125000000000000000e+00 0.000000000000000000e+00
3.137500000000000178e+00 0.000000000000000000e+00
3.150000000000000355e+00 0.000000000000000000e+00
3.162500000000000089e+00 0.000000000000000000e+00
3.175000000000000266e+00 0.000000000000000000e+00
3.187500000000000000e+00 0.000000000000000000e+00
3.200000000000000178e+00 0.000000000000000000e+00
3.212500000000000355e+00 0.000000000000000000e+00
3.225000000000000089e+00 0.000000000000000000e+00
3.237500000000000266e+00 0.000000000000000000e+00
3.250000000000000000e+00 0.000000000000000000e+00
3.262500000000000178e+00 0.000000000000000000e+00
3.275000000000000355e+00 0.000000000000000000e+00
3.287500000000000089e+00 0.000000000000000000e+00
3.300000000000000266e+00 0.000000000000000000e+00
3.312500000000000000e+00 0.000000000000000000e+00
3.325000000000000178e+00 0.000000000000000000e+00
3.337500000000000355e+00 0.000000000000000000e+00
3.350000000000000089e+00 0.000000000000000000e+00
3.362500000000000266e+00 0.000000000000000000e+00
3.375000000000000000e+00 0.000000000000000000e+00
3.387500000000000178e+00 0.000000000000000000e+00
3.400000000000000355e+00 0.000000000000000000e+00
3.412500000000000089e+00 0.000000000000000000e+00
3.425000000000000266e+00 0.000000000000000000e+00
3.437500000000000000e+00 0.000000000000000000e+00
3.450000000000000178e+00 0.000000000000000000e+00
3.462500000000000355e+00 0.000000000000000000e+00
3.475000000000000089e+00 0.000000000000000000e+00
3.487500000000000266e+00 0.000000000000000000e+00
3.500000000000000000e+00 0.000000000000000000e+00
3.512500000000000178e+00 0.000000000000000000e+00
3.525000000000000355e+00 0.000000000000000000e+00
3.537500000000000089e+00 0.000000000000000000e+00
3.550000000000000266e+00 0.000000000000000000e+00
3.562500000000000000e+00 0.000000000000000000e+00
3.575000000000000178e+00 0.000000000000000000e+00
3.587500000000000355e+00 0.000000000000000000e+00
3.600000000000000089e+00 0.000000000000000000e+00
3.612500000000000266e+00 0.000000000000000000e+00
3.625000000000000000e+00 0.000000000000000000e+00
3.637500000000000178e+00 0.000000000000000000e+00
3.650000000000000355e+00 0.000000000000000000e+00
3.662500000000000089e+00 0.000000000000000000e+00
3.675000000000000266e+00 0.000000000000000000e+00
3.687500000000000000e+00 0.000000000000000000e+00
3.700000000000000178e+00 0.000000000000000000e+00
3.712500000000000355e+00 0.000000000000000000e+00
3.725000000000000089e+00 0.000000000000000000e+00
3.737500000000000266e+00 0.000000000000000000e+00
3.750000000000000000e+00 0.000000000000000000e+00
3.762500000000000178e+00 0.000000000000000000e+00
3.775000000000000355e+00 0.000000000000000000e+00
3.787500000000000089e+00 0.000000000000000000e+00
3.800000000000000266e+00 0.000000000000000000e+00
3.812500000000000000e+00 0.000000000000000000e+00
3.825000000000000178e+00 0.000000000000000000e+00
3.837500000000000355e+00 0.000000000000000000e+00
3.850000000000000089e+00 0.000000000000000000e+00
3.862500000000000266e+00 0.000000000000000000e+00
3.875000000000000000e+00 0.000000000000000000e+00
3.887500000000000178e+00 0.000000000000000000e+00
3.900000000000000355e+00 0.000000000000000000e+00
3.912500000000000089e+00 0.000000000000000000e+00
3.925000000000000266e+00 0.000000000000000000e+00
3.937500000000000000e+00 0.000000000000000000e+00
3.950000000000000178e+00 0.000000000000000000e+00
3.962500000000000355e+00 0.000000000000000000e+00
3.975000000000000089e+00 0.000000000000000000e+00
3.987500000000000266e+00 0.000000000000000000e+00
