0.000000000000000000e+00 0.000000000000000000e+00
1.250000000000000069e-02 0.000000000000000000e+00
2.500000000000000139e-02 0.000000000000000000e+00
3.750000000000000555e-02 0.000000000000000000e+00
5.000000000000000278e-02 0.000000000000000000e+00
6.250000000000000000e-02 0.000000000000000000e+00
7.500000000000001110e-02 0.000000000000000000e+00
8.750000000000000833e-02 0.000000000000000000e+00
1.000000000000000056e-01 0.000000000000000000e+00
1.125000000000000028e-01 0.000000000000000000e+00
1.250000000000000000e-01 0.000000000000000000e+00
1.375000000000000111e-01 0.000000000000000000e+00
1.500000000000000222e-01 0.000000000000000000e+00
1.625000000000000056e-01 0.000000000000000000e+00
1.750000000000000167e-01 0.000000000000000000e+00
1.875000000000000000e-01 0.000000000000000000e+00
2.000000000000000111e-01 0.000000000000000000e+00
2.125000000000000222e-01 0.000000000000000000e+00
2.250000000000000056e-01 0.000000000000000000e+00
2.375000000000000167e-01 0.000000000000000000e+00
2.500000000000000000e-01 0.000000000000000000e+00
2.625000000000000111e-01 0.000000000000000000e+00
2.750000000000000222e-01 0.000000000000000000e+00
2.875000000000000333e-01 0.000000000000000000e+00
3.000000000000000444e-01 0.000000000000000000e+00
3.125000000000000000e-01 0.000000000000000000e+00
3.250000000000000111e-01 0.000000000000000000e+00
3.375000000000000222e-01 0.000000000000000000e+00
3.500000000000000333e-01 0.000000000000000000e+00
3.625000000000000444e-01 0.000000000000000000e+00
3.750000000000000000e-01 0.000000000000000000e+00
3.875000000000000111e-01 0.000000000000000000e+00
4.000000000000000222e-01 0.000000000000000000e+00
4.125000000000000333e-01 0.000000000000000000e+00
4.250000000000000444e-01 0.000000000000000000e+00
4.375000000000000000e-01 0.000000000000000000e+00
4.500000000000000111e-01 0.000000000000000000e+00
4.625000000000000222e-01 0.000000000000000000e+00
4.750000000000000333e-01 0.000000000000000000e+00
4.875000000000000444e-01 0.000000000000000000e+00
5.000000000000000000e-01 0.000000000000000000e+00
5.125000000000000666e-01 0.000000000000000000e+00
5.250000000000000222e-01 0.000000000000000000e+00
5.374999999999999778e-01 0.000000000000000000e+00
5.500000000000000444e-01 0.000000000000000000e+00
5.625000000000000000e-01 0.000000000000000000e+00
5.750000000000000666e-01 0.000000000000000000e+00
5.875000000000000222e-01 0.000000000000000000e+00
6.000000000000000888e-01 0.000000000000000000e+00
6.125000000000000444e-01 0.000000000000000000e+00
6.250000000000000000e-01 0.000000000000000000e+00
6.375000000000000666e-01 0.000000000000000000e+00
6.500000000000000222e-01 0.000000000000000000e+00
6.625000000000000888e-01 0.000000000000000000e+00
6.750000000000000444e-01 0.000000000000000000e+00
6.875000000000000000e-01 0.000000000000000000e+00
7.000000000000000666e-01 0.000000000000000000e+00
7.125000000000000222e-01 0.000000000000000000e+00
7.250000000000000888e-01 0.000000000000000000e+00
7.375000000000000444e-01 0.000000000000000000e+00
7.500000000000000000e-01 0.000000000000000000e+00
7.625000000000000666e-01 0.000000000000000000e+00
7.750000000000000222e-01 0.000000000000000000e+00
7.875000000000000888e-01 0.000000000000000000e+00
8.000000000000000444e-01 0.000000000000000000e+00
8.125000000000000000e-01 0.000000000000000000e+00
8.250000000000000666e-01 0.000000000000000000e+00
8.375000000000000222e-01 0.000000000000000000e+00
8.500000000000000888e-01 0.000000000000000000e+00
8.625000000000000444e-01 0.000000000000000000e+00
8.750000000000000000e-01 0.000000000000000000e+00
8.875000000000000666e-01 0.000000000000000000e+00
9.000000000000000222e-01 0.000000000000000000e+00
9.125000000000000888e-01 0.000000000000000000e+00
9.250000000000000444e-01 0.000000000000000000e+00
9.375000000000000000e-01 0.000000000000000000e+00
9.500000000000000666e-01 0.000000000000000000e+00
9.625000000000000222e-01 0.000000000000000000e+00
9.750000000000000888e-01 0.000000000000000000e+00
9.875000000000000444e-01 0.000000000000000000e+00
1.000000000000000000e+00 0.000000000000000000e+00
1.012499999999999956e+00 0.000000000000000000e+00
1.025000000000000133e+00 0.000000000000000000e+00
1.037500000000000089e+00 0.000000000000000000e+00
1.050000000000000044e+00 0.000000000000000000e+00
1.062500000000000000e+00 0.000000000000000000e+00
1.074999999999999956e+00 0.000000000000000000e+00
1.087500000000000133e+00 0.000000000000000000e+00
1.100000000000000089e+00 0.000000000000000000e+00
1.112500000000000044e+00 0.000000000000000000e+00
1.125000000000000000e+00 0.000000000000000000e+00
1.137499999999999956e+00 0.000000000000000000e+00
1.150000000000000133e+00 0.000000000000000000e+00
1.162500000000000089e+00 0.000000000000000000e+00
1.175000000000000044e+00 0.000000000000000000e+00
1.187500000000000000e+00 0.000000000000000000e+00
1.200000000000000178e+00 0.000000000000000000e+00
1.212500000000000133e+00 0.000000000000000000e+00
1.225000000000000089e+00 0.000000000000000000e+00
1.237500000000000044e+00 0.000000000000000000e+00
1.250000000000000000e+00 0.000000000000000000e+00
1.262500000000000178e+00 0.000000000000000000e+00
1.275000000000000133e+00 0.000000000000000000e+00
1.287500000000000089e+00 0.000000000000000000e+00
1.300000000000000044e+00 0.000000000000000000e+00
1.312500000000000000e+00 0.000000000000000000e+00
1.325000000000000178e+00 0.000000000000000000e+00
1.337500000000000133e+00 0.000000000000000000e+00
1.350000000000000089e+00 0.000000000000000000e+00
1.362500000000000044e+00 0.000000000000000000e+00
1.375000000000000000e+00 0.000000000000000000e+00
1.387500000000000178e+00 0.000000000000000000e+00
1.400000000000000133e+00 0.000000000000000000e+00
1.412500000000000089e+00 0.000000000000000000e+00
1.425000000000000044e+00 0.000000000000000000e+00
1.437500000000000000e+00 0.000000000000000000e+00
1.450000000000000178e+00 0.000000000000000000e+00
1.462500000000000133e+00 0.000000000000000000e+00
1.475000000000000089e+00 0.000000000000000000e+00
1.487500000000000044e+00 0.000000000000000000e+00
1.500000000000000000e+00 0.000000000000000000e+00
1.512500000000000178e+00 0.000000000000000000e+00
1.525000000000000133e+00 0.000000000000000000e+00
1.537500000000000089e+00 0.000000000000000000e+00
1.550000000000000044e+00 5.572431999003155744e-315
1.562500000000000000e+00 1.148218345000886893e-303
1.575000000000000178e+00 2.102113387888620031e-292
1.587500000000000133e+00 2.886130809428627521e-281
1.600000000000000089e+00 4.624747109277761667e-280
1.612500000000000044e+00 1.191204193565618698e-268
1.625000000000000000e+00 3.054775921399625160e-257
1.637500000000000178e+00 7.793889255238032097e-246
1.650000000000000133e+00 1.976608229115967795e-234
1.662500000000000089e+00 4.978287359567263077e-223
1.675000000000000044e+00 1.243505224933336862e-211
1.687500000000000000e+00 3.074823394713950746e-200
1.700000000000000178e+00 7.509319980526993111e-189
1.712500000000000133e+00 1.805380829529232354e-177
1.725000000000000089e+00 4.251605635994112957e-166
1.737500000000000044e+00 9.733479734571252357e-155
1.750000000000000000e+00 2.139484372332638979e-143
1.762500000000000178e+00 4.408478515894160038e-132
1.775000000000000133e+00 8.070868026906761642e-121
1.787500000000000089e+00 1.108020087056453607e-109
1.800000000000000044e+00 1.775495649017542492e-108
1.812500000000000000e+00 4.573497479038113025e-97
1.825000000000000178e+00 1.172853501088160103e-85
1.837500000000000133e+00 2.992167373633892093e-74
1.850000000000000089e+00 7.588814191864118741e-63
1.862500000000000044e+00 1.911367520816197169e-51
1.875000000000000000e+00 4.773966681576371302e-40
1.887500000000000178e+00 1.180481453389710140e-28
1.900000000000000133e+00 3.845487049061795704e-17
1.912500000000000089e+00 2.016049533005875374e-15
1.925000000000000044e+00 7.872452233330897756e-14
1.937500000000000000e+00 2.265375039390966131e-12
1.950000000000000178e+00 4.912345036763318084e-11
1.962500000000000133e+00 8.058918229205992117e-10
1.975000000000000089e+00 1.002619756213914269e-08
1.987500000000000044e+00 9.478745082345695466e-08
2.000000000000000000e+00 6.850640557432206556e-07
2.012500000000000178e+00 6.330107091239823997e-06
2.024999999999999911e+00 4.663671210530253940e-05
2.037500000000000089e+00 2.765240202339926470e-04
2.050000000000000266e+00 1.334102475249401235e-03
2.062500000000000000e+00 5.282167193729840268e-03
2.075000000000000178e+00 1.735491538113126397e-02
2.087499999999999911e+00 4.792966770944227101e-02
2.100000000000000089e+00 1.126320915637891718e-01
2.112500000000000266e+00 2.282706848807595779e-01
2.125000000000000000e+00 4.042533313732836753e-01
2.137500000000000178e+00 6.331741045676148039e-01
2.149999999999999911e+00 8.879444884655747217e-01
2.162500000000000089e+00 1.130419680417012795e+00
2.175000000000000266e+00 1.326337582239560664e+00
2.187500000000000000e+00 1.456771797210139052e+00
2.200000000000000178e+00 1.523956250487476627e+00
2.212499999999999911e+00 1.541836149778744502e+00
2.225000000000000089e+00 1.533242387880605628e+00
2.237500000000000266e+00 1.511606478361958494e+00
2.250000000000000000e+00 1.484915103727592944e+00
2.262500000000000178e+00 1.458506232863356233e+00
2.274999999999999911e+00 1.433293219080477243e+00
2.287500000000000089e+00 1.408383995649890919e+00
2.300000000000000266e+00 1.384349714414278454e+00
2.312500000000000000e+00 1.361964313882847000e+00
2.325000000000000178e+00 1.340527465611640157e+00
2.337499999999999911e+00 1.319685947352632338e+00
2.350000000000000089e+00 1.300512465611640023e+00
2.362500000000000266e+00 1.282647956498912389e+00
2.375000000000000000e+00 1.265021500824958789e+00
2.387500000000000178e+00 1.249062893947348485e+00
2.400000000000000355e+00 1.234771286657166289e+00
2.412500000000000089e+00 1.220479679366984094e+00
2.425000000000000266e+00 1.206189072296384834e+00
2.437500000000000000e+00 1.191897608115202623e+00
2.450000000000000178e+00 1.177606000825020427e+00
2.462500000000000355e+00 1.164624563296834836e+00
2.475000000000000089e+00 1.152119875796894677e+00
2.487500000000000266e+00 1.139614625815645210e+00
2.500000000000000000e+00 1.127110000599970130e+00
2.512500000000000178e+00 1.114605375984399460e+00
2.525000000000000355e+00 1.102100125703142197e+00
2.537500000000000089e+00 1.089000081220938831e+00
2.550000000000000266e+00 1.075184750843770853e+00
2.562500000000000000e+00 1.062679875871896940e+00
2.575000000000000178e+00 1.049936500674966355e+00
2.587500000000000355e+00 1.035527161854046030e+00
2.600000000000000089e+00 1.019449572414310223e+00
2.612500000000000266e+00 1.003372251237437673e+00
2.625000000000000000e+00 9.872943298132454970e-01
2.637500000000000178e+00 9.712162028950721560e-01
2.650000000000000355e+00 9.551390153892300727e-01
2.662500000000000089e+00 9.364418194554864350e-01
2.675000000000000266e+00 9.167908281632037859e-01
2.687500000000000000e+00 8.982122002699864938e-01
2.700000000000000178e+00 8.793958302107551805e-01
2.712500000000000355e+00 8.597447764344104959e-01
2.725000000000000089e+00 8.400943119244036472e-01
2.737500000000000266e+00 8.198491384384604119e-01
2.750000000000000000e+00 7.988876871896795073e-01
2.762500000000000178e+00 7.792369466626667407e-01
2.775000000000000355e+00 7.593494393759837591e-01
2.787500000000000089e+00 7.379119346883667996e-01
2.800000000000000266e+00 7.164744300007497291e-01
2.812500000000000000e+00 6.950385327883606967e-01
2.825000000000000178e+00 6.736011356258901905e-01
2.837500000000000355e+00 6.521636309382730090e-01
2.850000000000000089e+00 6.321561799160041462e-01
2.862500000000000266e+00 6.125055194554859250e-01
2.875000000000000000e+00 5.916638318757969639e-01
2.887500000000000178e+00 5.712987959202039390e-01
2.900000000000000355e+00 5.516484302107547144e-01
2.912500000000000089e+00 5.319974201680042203e-01
2.925000000000000266e+00 5.123470119244036836e-01
2.937500000000000000e+00 4.926969409660243437e-01
2.950000000000000178e+00 4.735219406285153809e-01
2.962500000000000355e+00 4.556576055047240614e-01
2.975000000000000089e+00 4.377941640666018208e-01
2.987500000000000266e+00 4.200484108519570992e-01
3.000000000000000000e+00 4.039715584445777163e-01
3.012500000000000178e+00 3.896794289657237176e-01
3.025000000000000355e+00 3.737207548488707953e-01
3.037500000000000089e+00 3.576437289260535612e-01
3.050000000000000266e+00 3.444233011550284496e-01
3.062500000000000000e+00 3.319181197554939011e-01
3.075000000000000178e+00 3.182229814384279210e-01
3.087500000000000355e+00 3.050031511812791307e-01
3.100000000000000089e+00 2.934503437410934668e-01
3.112500000000000266e+00 2.827319695290234081e-01
3.125000000000000000e+00 2.720136903022575825e-01
3.137500000000000178e+00 2.612949536038399190e-01
3.150000000000000355e+00 2.505763935803207998e-01
3.162500000000000089e+00 2.402151928298207617e-01
3.175000000000000266e+00 2.312829257931446336e-01
3.187500000000000000e+00 2.223506282510875620e-01
3.200000000000000178e+00 2.134190435803209607e-01
3.212500000000000355e+00 2.062728113477834690e-01
3.225000000000000089e+00 1.991269202205053490e-01
3.237500000000000266e+00 1.919815684115793175e-01
3.250000000000000000e+00 1.848358720768019381e-01
3.262500000000000178e+00 1.776899996999923292e-01
3.275000000000000355e+00 1.717350664691763007e-01
3.287500000000000089e+00 1.663758746043650372e-01
3.300000000000000266e+00 1.600640791794793183e-01
3.312500000000000000e+00 1.537517566296684457e-01
3.325000000000000178e+00 1.491067967674191141e-01
3.337500000000000355e+00 1.449387924173102804e-01
3.350000000000000089e+00 1.395795467901604081e-01
3.362500000000000266e+00 1.345773584039599846e-01
3.375000000000000000e+00 1.307665629640741567e-01
3.387500000000000178e+00 1.254072369506523676e-01
3.400000000000000355e+00 1.200482861481923930e-01
3.412500000000000089e+00 1.164749556738918640e-01
3.425000000000000266e+00 1.129023038848057103e-01
3.437500000000000000e+00 1.093293566339158390e-01
3.450000000000000178e+00 1.057564360384009444e-01
3.462500000000000355e+00 1.021837306584670174e-01
3.475000000000000089e+00 9.861091822545561825e-02
3.487500000000000266e+00 9.503801078001945790e-02
3.500000000000000000e+00 9.146523743662822448e-02
3.512500000000000178e+00 8.789245984474609863e-02
3.525000000000000355e+00 8.503369838370952727e-02
3.537500000000000089e+00 8.324728898005097355e-02
3.550000000000000266e+00 8.098501395934895597e-02
3.562500000000000000e+00 7.741209525913148037e-02
3.575000000000000178e+00 7.383921848357571927e-02
3.587500000000000355e+00 7.038516903697585037e-02
3.600000000000000089e+00 6.859870875046875094e-02
3.612500000000000266e+00 6.681225783694585973e-02
3.625000000000000000e+00 6.335906638968046012e-02
3.637500000000000178e+00 5.978618161554034860e-02
3.650000000000000355e+00 5.764200801920042055e-02
3.662500000000000089e+00 5.585564845657714494e-02
3.675000000000000266e+00 5.287873573014319206e-02
3.687500000000000000e+00 5.037726820145504297e-02
3.700000000000000178e+00 4.859088371831404851e-02
3.712500000000000355e+00 4.597128984474602165e-02
3.725000000000000089e+00 4.311252463586590089e-02
3.737500000000000266e+00 4.132610898005095734e-02
3.750000000000000000e+00 3.906383395934898833e-02
3.762500000000000178e+00 3.584777294757369309e-02
3.775000000000000355e+00 3.406130176241183027e-02
3.787500000000000089e+00 3.227485849396233286e-02
3.800000000000000266e+00 3.048808882472055226e-02
3.812500000000000000e+00 2.870079706464679498e-02
3.825000000000000178e+00 2.524519408910218601e-02
3.837500000000000355e+00 2.321425798319950995e-02
3.850000000000000089e+00 2.141505422678861847e-02
3.862500000000000266e+00 1.829710059926489829e-02
3.875000000000000000e+00 1.469088887647189423e-02
3.887500000000000178e+00 1.213252056022193909e-02
3.900000000000000355e+00 1.026133559723987031e-02
3.912500000000000089e+00 7.578765138228431633e-03
3.925000000000000266e+00 4.691157148567516415e-03
3.937500000000000000e+00 3.412436017250430279e-03
3.950000000000000178e+00 3.209483073426833578e-03
3.962500000000000355e+00 2.949416241787900309e-03
3.975000000000000089e+00 2.636383367509183197e-03
3.987500000000000266e+00 2.163604155028859936e-03
