0.000000000000000000e+00 0.000000000000000000e+00
1.250000000000000069e-02 0.000000000000000000e+00
2.500000000000000139e-02 0.000000000000000000e+00
3.750000000000000555e-02 0.000000000000000000e+00
5.000000000000000278e-02 0.000000000000000000e+00
6.250000000000000000e-02 0.000000000000000000e+00
7.500000000000001110e-02 0.000000000000000000e+00
8.750000000000000833e-02 0.000000000000000000e+00
1.000000000000000056e-01 0.000000000000000000e+00
1.125000000000000028e-01 0.000000000000000000e+00
1.250000000000000000e-01 0.000000000000000000e+00
1.375000000000000111e-01 0.000000000000000000e+00
1.500000000000000222e-01 0.000000000000000000e+00
1.625000000000000056e-01 0.000000000000000000e+00
1.750000000000000167e-01 0.000000000000000000e+00
1.875000000000000000e-01 0.000000000000000000e+00
2.000000000000000111e-01 0.000000000000000000e+00
2.125000000000000222e-01 0.000000000000000000e+00
2.250000000000000056e-01 0.000000000000000000e+00
2.375000000000000167e-01 0.000000000000000000e+00
2.500000000000000000e-01 0.000000000000000000e+00
2.625000000000000111e-01 0.000000000000000000e+00
2.750000000000000222e-01 0.000000000000000000e+00
2.875000000000000333e-01 0.000000000000000000e+00
3.000000000000000444e-01 0.000000000000000000e+00
3.125000000000000000e-01 0.000000000000000000e+00
3.250000000000000111e-01 0.000000000000000000e+00
3.375000000000000222e-01 0.000000000000000000e+00
3.500000000000000333e-01 0.000000000000000000e+00
3.625000000000000444e-01 0.000000000000000000e+00
3.750000000000000000e-01 0.000000000000000000e+00
3.875000000000000111e-01 0.000000000000000000e+00
4.000000000000000222e-01 0.000000000000000000e+00
4.125000000000000333e-01 0.000000000000000000e+00
4.250000000000000444e-01 0.000000000000000000e+00
4.375000000000000000e-01 0.000000000000000000e+00
4.500000000000000111e-01 0.000000000000000000e+00
4.625000000000000222e-01 0.000000000000000000e+00
4.750000000000000333e-01 0.000000000000000000e+00
4.875000000000000444e-01 0.000000000000000000e+00
5.000000000000000000e-01 0.000000000000000000e+00
5.125000000000000666e-01 0.000000000000000000e+00
5.250000000000000222e-01 0.000000000000000000e+00
5.374999999999999778e-01 0.000000000000000000e+00
5.500000000000000444e-01 0.000000000000000000e+00
5.625000000000000000e-01 0.000000000000000000e+00
5.750000000000000666e-01 0.000000000000000000e+00
5.875000000000000222e-01 0.000000000000000000e+00
6.000000000000000888e-01 0.000000000000000000e+00
6.125000000000000444e-01 0.000000000000000000e+00
6.250000000000000000e-01 0.000000000000000000e+00
6.375000000000000666e-01 0.000000000000000000e+00
6.500000000000000222e-01 0.000000000000000000e+00
6.625000000000000888e-01 0.000000000000000000e+00
6.750000000000000444e-01 0.000000000000000000e+00
6.875000000000000000e-01 0.000000000000000000e+00
7.000000000000000666e-01 0.000000000000000000e+00
7.125000000000000222e-01 0.000000000000000000e+00
7.250000000000000888e-01 0.000000000000000000e+00
7.375000000000000444e-01 0.000000000000000000e+00
7.500000000000000000e-01 0.000000000000000000e+00
7.625000000000000666e-01 0.000000000000000000e+00
7.750000000000000222e-01 0.000000000000000000e+00
7.875000000000000888e-01 0.000000000000000000e+00
8.000000000000000444e-01 0.000000000000000000e+00
8.125000000000000000e-01 0.000000000000000000e+00
8.250000000000000666e-01 0.000000000000000000e+00
8.375000000000000222e-01 0.000000000000000000e+00
8.500000000000000888e-01 0.000000000000000000e+00
8.625000000000000444e-01 0.000000000000000000e+00
8.750000000000000000e-01 0.000000000000000000e+00
8.875000000000000666e-01 0.000000000000000000e+00
9.000000000000000222e-01 0.000000000000000000e+00
9.125000000000000888e-01 0.000000000000000000e+00
9.250000000000000444e-01 0.000000000000000000e+00
9.375000000000000000e-01 0.000000000000000000e+00
9.500000000000000666e-01 0.000000000000000000e+00
9.625000000000000222e-01 0.000000000000000000e+00
9.750000000000000888e-01 0.000000000000000000e+00
9.875000000000000444e-01 0.000000000000000000e+00
1.000000000000000000e+00 0.000000000000000000e+00
1.012499999999999956e+00 0.000000000000000000e+00
1.025000000000000133e+00 0.000000000000000000e+00
1.037500000000000089e+00 0.000000000000000000e+00
1.050000000000000044e+00 0.000000000000000000e+00
1.062500000000000000e+00 0.000000000000000000e+00
1.074999999999999956e+00 0.000000000000000000e+00
1.087500000000000133e+00 0.000000000000000000e+00
1.100000000000000089e+00 0.000000000000000000e+00
1.112500000000000044e+00 0.000000000000000000e+00
1.125000000000000000e+00 0.000000000000000000e+00
1.137499999999999956e+00 0.000000000000000000e+00
1.150000000000000133e+00 0.000000000000000000e+00
1.162500000000000089e+00 0.000000000000000000e+00
1.175000000000000044e+00 0.000000000000000000e+00
1.187500000000000000e+00 0.000000000000000000e+00
1.200000000000000178e+00 0.000000000000000000e+00
1.212500000000000133e+00 0.000000000000000000e+00
1.225000000000000089e+00 0.000000000000000000e+00
1.237500000000000044e+00 0.000000000000000000e+00
1.250000000000000000e+00 0.000000000000000000e+00
1.262500000000000178e+00 0.000000000000000000e+00
1.275000000000000133e+00 0.000000000000000000e+00
1.287500000000000089e+00 0.000000000000000000e+00
1.300000000000000044e+00 0.000000000000000000e+00
1.312500000000000000e+00 0.000000000000000000e+00
1.325000000000000178e+00 0.000000000000000000e+00
1.337500000000000133e+00 0.000000000000000000e+00
1.350000000000000089e+00 0.000000000000000000e+00
1.362500000000000044e+00 0.000000000000000000e+00
1.375000000000000000e+00 0.000000000000000000e+00
1.387500000000000178e+00 0.000000000000000000e+00
1.400000000000000133e+00 0.000000000000000000e+00
1.412500000000000089e+00 0.000000000000000000e+00
1.425000000000000044e+00 0.000000000000000000e+00
1.437500000000000000e+00 0.000000000000000000e+00
1.450000000000000178e+00 0.000000000000000000e+00
1.462500000000000133e+00 0.000000000000000000e+00
1.475000000000000089e+00 0.000000000000000000e+00
1.487500000000000044e+00 0.000000000000000000e+00
1.500000000000000000e+00 0.000000000000000000e+00
1.512500000000000178e+00 0.000000000000000000e+00
1.525000000000000133e+00 0.000000000000000000e+00
1.537500000000000089e+00 0.000000000000000000e+00
1.550000000000000044e+00 0.000000000000000000e+00
1.562500000000000000e+00 0.000000000000000000e+00
1.575000000000000178e+00 0.000000000000000000e+00
1.587500000000000133e+00 0.000000000000000000e+00
1.600000000000000089e+00 0.000000000000000000e+00
1.612500000000000044e+00 0.000000000000000000e+00
1.625000000000000000e+00 0.000000000000000000e+00
1.637500000000000178e+00 0.000000000000000000e+00
1.650000000000000133e+00 0.000000000000000000e+00
1.662500000000000089e+00 0.000000000000000000e+00
1.675000000000000044e+00 0.000000000000000000e+00
1.687500000000000000e+00 0.000000000000000000e+00
1.700000000000000178e+00 0.000000000000000000e+00
1.712500000000000133e+00 0.000000000000000000e+00
1.725000000000000089e+00 0.000000000000000000e+00
1.737500000000000044e+00 0.000000000000000000e+00
1.750000000000000000e+00 0.000000000000000000e+00
1.762500000000000178e+00 0.000000000000000000e+00
1.775000000000000133e+00 0.000000000000000000e+00
1.787500000000000089e+00 0.000000000000000000e+00
1.800000000000000044e+00 0.000000000000000000e+00
1.812500000000000000e+00 0.000000000000000000e+00
1.825000000000000178e+00 0.000000000000000000e+00
1.837500000000000133e+00 0.000000000000000000e+00
1.850000000000000089e+00 0.000000000000000000e+00
1.862500000000000044e+00 0.000000000000000000e+00
1.875000000000000000e+00 0.000000000000000000e+00
1.887500000000000178e+00 0.000000000000000000e+00
1.900000000000000133e+00 0.000000000000000000e+00
1.912500000000000089e+00 0.000000000000000000e+00
1.925000000000000044e+00 0.000000000000000000e+00
1.937500000000000000e+00 0.000000000000000000e+00
1.950000000000000178e+00 0.000000000000000000e+00
1.962500000000000133e+00 -4.689663620289921244e-315
1.975000000000000089e+00 -1.282266000000000001e-303
1.987500000000000044e+00 -3.523133999999999948e-292
2.000000000000000000e+00 -9.680104999999999972e-281
2.012500000000000178e+00 -2.659690000000000111e-269
2.024999999999999911e+00 -7.307722000000000430e-258
2.037500000000000089e+00 -2.007857999999999927e-246
2.050000000000000266e+00 -5.570608145764641873e-235
2.062500000000000000e+00 -1.515775000000000049e-223
2.075000000000000178e+00 -4.164720000000000113e-212
2.087499999999999911e+00 -1.144291999999999991e-200
2.100000000000000089e+00 -3.144037000000000152e-189
2.112500000000000266e+00 -8.722829730220295172e-178
2.125000000000000000e+00 -2.373502000000000109e-166
2.137500000000000178e+00 -6.521395999999999871e-155
2.149999999999999911e+00 -1.791808000000000041e-143
2.162500000000000089e+00 -4.923142999999999768e-132
2.175000000000000266e+00 -1.365878969473303874e-120
2.187500000000000000e+00 -3.716587000000000122e-109
2.200000000000000178e+00 -1.021163999999999972e-97
2.212499999999999911e+00 -2.805732000000000106e-86
2.225000000000000089e+00 -7.708984999999999891e-75
2.237500000000000266e+00 -2.138783656742166339e-63
2.250000000000000000e+00 -5.819680000000000171e-52
2.262500000000000178e+00 -1.599006000000000054e-40
2.274999999999999911e+00 -4.393403000000000099e-29
2.287500000000000089e+00 -1.207123999999999987e-17
2.300000000000000266e+00 1.433794000001204238e-15
2.312500000000000000e+00 3.532755999999999694e-14
2.325000000000000178e+00 7.325923999999999834e-13
2.337499999999999911e+00 1.263671999999999949e-11
2.350000000000000089e+00 1.828391999999999894e-10
2.362500000000000266e+00 2.223960000000731890e-09
2.375000000000000000e+00 2.283091999999999874e-08
2.387500000000000178e+00 1.984987999999999987e-07
2.400000000000000355e+00 1.477410000000281525e-06
2.412500000000000089e+00 9.397230000000000828e-06
2.425000000000000266e+00 5.091943000000665544e-05
2.437500000000000000e+00 2.382494000000000029e-04
2.450000000000000178e+00 9.621208999999999924e-04
2.462500000000000355e+00 3.380793000000247191e-03
2.475000000000000089e+00 1.034161999999999929e-02
2.487500000000000266e+00 2.778107000000134413e-02
2.500000000000000000e+00 6.560032999999999836e-02
2.512500000000000178e+00 1.371934999999999960e-01
2.525000000000000355e+00 2.562083000000061062e-01
2.537500000000000089e+00 4.283951999999999760e-01
2.550000000000000266e+00 6.477325000000087041e-01
2.562500000000000000e+00 8.917129000000000305e-01
2.575000000000000178e+00 1.133990000000000054e+00
2.587500000000000355e+00 1.343878000000005901e+00
2.600000000000000089e+00 1.511559000000000097e+00
2.612500000000000266e+00 1.626975000000002058e+00
2.625000000000000000e+00 1.683116000000000057e+00
2.637500000000000178e+00 1.702336000000000071e+00
2.650000000000000355e+00 1.704004999999999548e+00
2.662500000000000089e+00 1.689805000000000001e+00
2.675000000000000266e+00 1.669857999999999176e+00
2.687500000000000000e+00 1.647442000000000073e+00
2.700000000000000178e+00 1.624079000000000050e+00
2.712500000000000355e+00 1.596417999999999005e+00
2.725000000000000089e+00 1.572627999999999915e+00
2.737500000000000266e+00 1.544835999999999210e+00
2.750000000000000000e+00 1.517025999999999986e+00
2.762500000000000178e+00 1.489295000000000035e+00
2.775000000000000355e+00 1.461241999999998820e+00
2.787500000000000089e+00 1.430849999999999955e+00
2.800000000000000266e+00 1.419743999999999451e+00
2.812500000000000000e+00 1.408636999999999917e+00
2.825000000000000178e+00 1.378246000000000082e+00
2.837500000000000355e+00 1.350183999999998941e+00
2.850000000000000089e+00 1.318489999999999940e+00
2.862500000000000266e+00 1.290676999999999186e+00
2.875000000000000000e+00 1.262877000000000027e+00
2.887500000000000178e+00 1.231106999999999951e+00
2.900000000000000355e+00 1.203306999999999016e+00
2.912500000000000089e+00 1.175507999999999997e+00
2.925000000000000266e+00 1.143737999999999033e+00
2.937500000000000000e+00 1.115936999999999957e+00
2.950000000000000178e+00 1.088125000000000009e+00
2.962500000000000355e+00 1.060393999999999171e+00
2.975000000000000089e+00 1.032340000000000035e+00
2.987500000000000266e+00 1.001947999999999617e+00
3.000000000000000000e+00 9.908420999999999479e-01
3.012500000000000178e+00 9.793368000000000073e-01
3.025000000000000355e+00 9.533151999999990300e-01
3.037500000000000089e+00 9.252694000000000196e-01
3.050000000000000266e+00 9.015019999999990263e-01
3.062500000000000000e+00 8.736893000000000020e-01
3.075000000000000178e+00 8.498603000000000129e-01
3.087500000000000355e+00 8.260327999999991233e-01
3.100000000000000089e+00 8.022048000000000512e-01
3.112500000000000266e+00 7.783768999999991500e-01
3.125000000000000000e+00 7.545494000000000367e-01
3.137500000000000178e+00 7.346918000000000060e-01
3.150000000000000355e+00 7.108523999999993848e-01
3.162500000000000089e+00 6.910465000000000080e-01
3.175000000000000266e+00 6.670083999999991686e-01
3.187500000000000000e+00 6.453284999999999716e-01
3.200000000000000178e+00 6.373953999999999454e-01
3.212500000000000355e+00 6.294623999999992003e-01
3.225000000000000089e+00 6.077538999999999580e-01
3.237500000000000266e+00 5.877156999999992859e-01
3.250000000000000000e+00 5.679077999999999626e-01
3.262500000000000178e+00 5.480414999999999592e-01
3.275000000000000355e+00 5.321554999999993374e-01
3.287500000000000089e+00 5.122991999999999546e-01
3.300000000000000266e+00 4.964138999999992974e-01
3.312500000000000000e+00 4.765573000000000170e-01
3.325000000000000178e+00 4.606721999999999761e-01
3.337500000000000355e+00 4.447862999999994682e-01
3.350000000000000089e+00 4.288933999999999802e-01
3.362500000000000266e+00 4.130470999999994453e-01
3.375000000000000000e+00 3.970164999999999944e-01
3.387500000000000178e+00 3.796496999999999788e-01
3.400000000000000355e+00 3.733031999999997796e-01
3.412500000000000089e+00 3.665576999999999863e-01
3.425000000000000266e+00 3.535612999999994677e-01
3.437500000000000000e+00 3.375384000000000162e-01
3.450000000000000178e+00 3.256556999999999924e-01
3.462500000000000355e+00 3.097626999999995578e-01
3.475000000000000089e+00 2.978482000000000074e-01
3.487500000000000266e+00 2.859343999999995334e-01
3.500000000000000000e+00 2.740205000000000002e-01
3.512500000000000178e+00 2.621065000000000200e-01
3.525000000000000355e+00 2.501926999999995460e-01
3.537500000000000089e+00 2.382781999999999956e-01
3.550000000000000266e+00 2.303318999999995897e-01
3.562500000000000000e+00 2.184451000000000032e-01
3.575000000000000178e+00 2.104222000000000037e-01
3.587500000000000355e+00 2.017387999999998016e-01
3.600000000000000089e+00 1.965799000000000019e-01
3.612500000000000266e+00 1.914209999999997025e-01
3.625000000000000000e+00 1.827376000000000000e-01
3.637500000000000178e+00 1.747222999999999971e-01
3.650000000000000355e+00 1.667970999999998649e-01
3.662500000000000089e+00 1.628240999999999994e-01
3.675000000000000266e+00 1.548810999999998550e-01
3.687500000000000000e+00 1.509098000000000106e-01
3.700000000000000178e+00 1.429671999999999887e-01
3.712500000000000355e+00 1.389958999999998668e-01
3.725000000000000089e+00 1.350245999999999946e-01
3.737500000000000266e+00 1.310530999999998669e-01
3.750000000000000000e+00 1.270798999999999956e-01
3.762500000000000178e+00 1.231183000000000000e-01
3.775000000000000355e+00 1.231104999999998451e-01
3.787500000000000089e+00 1.187398000000000065e-01
3.800000000000000266e+00 1.191374999999999934e-01
3.812500000000000000e+00 1.191335000000000033e-01
3.825000000000000178e+00 1.191221999999999975e-01
3.837500000000000355e+00 1.190927999999999987e-01
3.850000000000000089e+00 1.190211999999999937e-01
3.862500000000000266e+00 1.188600000000001183e-01
3.875000000000000000e+00 1.224738999999999967e-01
3.887500000000000178e+00 1.217966000000000049e-01
3.900000000000000355e+00 1.244597000000000619e-01
3.912500000000000089e+00 1.261462999999999890e-01
3.925000000000000266e+00 1.263965999999999423e-01
3.937500000000000000e+00 1.247088999999999975e-01
3.950000000000000178e+00 1.206340999999999941e-01
3.962500000000000355e+00 1.169543999999997502e-01
3.975000000000000089e+00 1.100214000000000053e-01
3.987500000000000266e+00 9.776456000000000035e-02
