0.000000000000000000e+00 0.000000000000000000e+00
1.250000000000000069e-02 0.000000000000000000e+00
2.500000000000000139e-02 0.000000000000000000e+00
3.750000000000000555e-02 0.000000000000000000e+00
5.000000000000000278e-02 0.000000000000000000e+00
6.250000000000000000e-02 0.000000000000000000e+00
7.500000000000001110e-02 0.000000000000000000e+00
8.750000000000000833e-02 0.000000000000000000e+00
1.000000000000000056e-01 0.000000000000000000e+00
1.125000000000000028e-01 0.000000000000000000e+00
1.250000000000000000e-01 0.000000000000000000e+00
1.375000000000000111e-01 0.000000000000000000e+00
1.500000000000000222e-01 0.000000000000000000e+00
1.625000000000000056e-01 0.000000000000000000e+00
1.750000000000000167e-01 0.000000000000000000e+00
1.875000000000000000e-01 0.000000000000000000e+00
2.000000000000000111e-01 0.000000000000000000e+00
2.125000000000000222e-01 0.000000000000000000e+00
2.250000000000000056e-01 0.000000000000000000e+00
2.375000000000000167e-01 0.000000000000000000e+00
2.500000000000000000e-01 0.000000000000000000e+00
2.625000000000000111e-01 1.079619999999999985e-119
2.750000000000000222e-01 2.966345999999999969e-108
2.875000000000000333e-01 8.160228751688770459e-97
3.000000000000000444e-01 2.242091403636674803e-85
3.125000000000000000e-01 6.152826000000000251e-74
3.250000000000000111e-01 1.690540999999999928e-62
3.375000000000000222e-01 4.644902000000000108e-51
3.500000000000000333e-01 1.277783215245634255e-39
3.625000000000000444e-01 3.512142285124928049e-28
3.750000000000000000e-01 1.262197999999999945e-16
3.875000000000000111e-01 3.288871000000000174e-13
4.000000000000000222e-01 2.855477000000000023e-10
4.125000000000000333e-01 9.131144000005085919e-08
4.250000000000000444e-01 1.154574000000261362e-05
4.375000000000000000e-01 6.002229999999999892e-04
4.500000000000000111e-01 1.359187000000000069e-02
4.625000000000000222e-01 1.425312999999999997e-01
4.750000000000000333e-01 7.428325000000061129e-01
4.875000000000000444e-01 2.105803000000006975e+00
5.000000000000000000e-01 3.671361999999999792e+00
5.125000000000000666e-01 4.619385000000002961e+00
5.250000000000000222e-01 4.947644999999999627e+00
5.374999999999999778e-01 5.036289000000000016e+00
5.500000000000000444e-01 5.076505000000000045e+00
5.625000000000000000e-01 5.112104000000000426e+00
5.750000000000000666e-01 5.143892000000000131e+00
5.875000000000000222e-01 5.169649999999999856e+00
6.000000000000000888e-01 5.179083999999999577e+00
6.125000000000000444e-01 5.188500000000000334e+00
6.250000000000000000e-01 5.213809999999999611e+00
6.375000000000000666e-01 5.220540999999998988e+00
6.500000000000000222e-01 5.157051000000000052e+00
6.625000000000000888e-01 4.795282999999991524e+00
6.750000000000000444e-01 3.819148999999999905e+00
6.875000000000000000e-01 2.326224999999999987e+00
7.000000000000000666e-01 9.970924999999937199e-01
7.125000000000000222e-01 2.860124000000000000e-01
7.250000000000000888e-01 5.388005999999958412e-02
7.375000000000000444e-01 6.640229000000000097e-03
7.500000000000000000e-01 5.373153000000000087e-04
7.625000000000000666e-01 2.889718999999975373e-05
7.750000000000000222e-01 1.044255999999999951e-06
7.875000000000000888e-01 2.572196999999977567e-08
8.000000000000000444e-01 4.384879999999999855e-10
8.125000000000000000e-01 5.242954000000000280e-12
8.250000000000000666e-01 4.465044999999960756e-14
8.375000000000000222e-01 2.906655000000000192e-16
8.500000000000000888e-01 7.945150999999929196e-28
8.625000000000000444e-01 2.891686999999999964e-39
8.750000000000000000e-01 1.052446999999999948e-50
8.875000000000000666e-01 3.830445999999965701e-62
9.000000000000000222e-01 1.394113999999999973e-73
9.125000000000000888e-01 5.073963999999954708e-85
9.250000000000000444e-01 1.846700999999999963e-96
9.375000000000000000e-01 6.721179999999999882e-108
9.500000000000000666e-01 2.446214999999978249e-119
9.625000000000000222e-01 8.903147999999999807e-131
9.750000000000000888e-01 3.240355999999971307e-142
9.875000000000000444e-01 1.179347000000000045e-153
1.000000000000000000e+00 4.292306999999999941e-165
1.012499999999999956e+00 1.562210999999999997e-176
1.025000000000000133e+00 5.685763999999899296e-188
1.037500000000000089e+00 2.069368999999999994e-199
1.050000000000000044e+00 7.531595000000000232e-211
1.062500000000000000e+00 2.741169999999999943e-222
1.074999999999999956e+00 9.976656999999999615e-234
1.087500000000000133e+00 3.631065999999935365e-245
1.100000000000000089e+00 1.321548999999999990e-256
1.112500000000000044e+00 4.809856999999999859e-268
1.125000000000000000e+00 1.750577000000000062e-279
1.137499999999999956e+00 6.371333000000000201e-291
1.150000000000000133e+00 2.318885999999958897e-302
1.162500000000000089e+00 8.439727000007170261e-314
1.175000000000000044e+00 0.000000000000000000e+00
1.187500000000000000e+00 0.000000000000000000e+00
1.200000000000000178e+00 0.000000000000000000e+00
1.212500000000000133e+00 0.000000000000000000e+00
1.225000000000000089e+00 0.000000000000000000e+00
1.237500000000000044e+00 0.000000000000000000e+00
1.250000000000000000e+00 0.000000000000000000e+00
1.262500000000000178e+00 0.000000000000000000e+00
1.275000000000000133e+00 0.000000000000000000e+00
1.287500000000000089e+00 0.000000000000000000e+00
1.300000000000000044e+00 0.000000000000000000e+00
1.312500000000000000e+00 0.000000000000000000e+00
1.325000000000000178e+00 0.000000000000000000e+00
1.337500000000000133e+00 0.000000000000000000e+00
1.350000000000000089e+00 0.000000000000000000e+00
1.362500000000000044e+00 0.000000000000000000e+00
1.375000000000000000e+00 0.000000000000000000e+00
1.387500000000000178e+00 0.000000000000000000e+00
1.400000000000000133e+00 0.000000000000000000e+00
1.412500000000000089e+00 0.000000000000000000e+00
1.425000000000000044e+00 0.000000000000000000e+00
1.437500000000000000e+00 0.000000000000000000e+00
1.450000000000000178e+00 0.000000000000000000e+00
1.462500000000000133e+00 0.000000000000000000e+00
1.475000000000000089e+00 0.000000000000000000e+00
1.487500000000000044e+00 0.000000000000000000e+00
1.500000000000000000e+00 0.000000000000000000e+00
1.512500000000000178e+00 0.000000000000000000e+00
1.525000000000000133e+00 0.000000000000000000e+00
1.537500000000000089e+00 0.000000000000000000e+00
1.550000000000000044e+00 0.000000000000000000e+00
1.562500000000000000e+00 0.000000000000000000e+00
1.575000000000000178e+00 0.000000000000000000e+00
1.587500000000000133e+00 0.000000000000000000e+00
1.600000000000000089e+00 0.000000000000000000e+00
1.612500000000000044e+00 0.000000000000000000e+00
1.625000000000000000e+00 0.000000000000000000e+00
1.637500000000000178e+00 0.000000000000000000e+00
1.650000000000000133e+00 0.000000000000000000e+00
1.662500000000000089e+00 0.000000000000000000e+00
1.675000000000000044e+00 0.000000000000000000e+00
1.687500000000000000e+00 0.000000000000000000e+00
1.700000000000000178e+00 0.000000000000000000e+00
1.712500000000000133e+00 0.000000000000000000e+00
1.725000000000000089e+00 0.000000000000000000e+00
1.737500000000000044e+00 0.000000000000000000e+00
1.750000000000000000e+00 0.000000000000000000e+00
1.762500000000000178e+00 0.000000000000000000e+00
1.775000000000000133e+00 0.000000000000000000e+00
1.787500000000000089e+00 0.000000000000000000e+00
1.800000000000000044e+00 0.000000000000000000e+00
1.812500000000000000e+00 0.000000000000000000e+00
1.825000000000000178e+00 0.000000000000000000e+00
1.837500000000000133e+00 0.000000000000000000e+00
1.850000000000000089e+00 0.000000000000000000e+00
1.862500000000000044e+00 0.000000000000000000e+00
1.875000000000000000e+00 0.000000000000000000e+00
1.887500000000000178e+00 0.000000000000000000e+00
1.900000000000000133e+00 0.000000000000000000e+00
1.912500000000000089e+00 0.000000000000000000e+00
1.925000000000000044e+00 0.000000000000000000e+00
1.937500000000000000e+00 0.000000000000000000e+00
1.950000000000000178e+00 0.000000000000000000e+00
1.962500000000000133e+00 0.000000000000000000e+00
1.975000000000000089e+00 0.000000000000000000e+00
1.987500000000000044e+00 0.000000000000000000e+00
2.000000000000000000e+00 0.000000000000000000e+00
2.012500000000000178e+00 0.000000000000000000e+00
2.024999999999999911e+00 0.000000000000000000e+00
2.037500000000000089e+00 0.000000000000000000e+00
2.050000000000000266e+00 0.000000000000000000e+00
2.062500000000000000e+00 0.000000000000000000e+00
2.075000000000000178e+00 0.000000000000000000e+00
2.087499999999999911e+00 0.000000000000000000e+00
2.100000000000000089e+00 0.000000000000000000e+00
2.112500000000000266e+00 0.000000000000000000e+00
2.125000000000000000e+00 0.000000000000000000e+00
2.137500000000000178e+00 0.000000000000000000e+00
2.149999999999999911e+00 0.000000000000000000e+00
2.162500000000000089e+00 0.000000000000000000e+00
2.175000000000000266e+00 0.000000000000000000e+00
2.187500000000000000e+00 0.000000000000000000e+00
2.200000000000000178e+00 0.000000000000000000e+00
2.212499999999999911e+00 0.000000000000000000e+00
2.225000000000000089e+00 0.000000000000000000e+00
2.237500000000000266e+00 0.000000000000000000e+00
2.250000000000000000e+00 0.000000000000000000e+00
2.262500000000000178e+00 0.000000000000000000e+00
2.274999999999999911e+00 0.000000000000000000e+00
2.287500000000000089e+00 0.000000000000000000e+00
2.300000000000000266e+00 0.000000000000000000e+00
2.312500000000000000e+00 0.000000000000000000e+00
2.325000000000000178e+00 0.000000000000000000e+00
2.337499999999999911e+00 0.000000000000000000e+00
2.350000000000000089e+00 0.000000000000000000e+00
2.362500000000000266e+00 0.000000000000000000e+00
2.375000000000000000e+00 0.000000000000000000e+00
2.387500000000000178e+00 0.000000000000000000e+00
2.400000000000000355e+00 0.000000000000000000e+00
2.412500000000000089e+00 0.000000000000000000e+00
2.425000000000000266e+00 0.000000000000000000e+00
2.437500000000000000e+00 0.000000000000000000e+00
2.450000000000000178e+00 0.000000000000000000e+00
2.462500000000000355e+00 0.000000000000000000e+00
2.475000000000000089e+00 0.000000000000000000e+00
2.487500000000000266e+00 0.000000000000000000e+00
2.500000000000000000e+00 0.000000000000000000e+00
2.512500000000000178e+00 0.000000000000000000e+00
2.525000000000000355e+00 0.000000000000000000e+00
2.537500000000000089e+00 0.000000000000000000e+00
2.550000000000000266e+00 0.000000000000000000e+00
2.562500000000000000e+00 0.000000000000000000e+00
2.575000000000000178e+00 0.000000000000000000e+00
2.587500000000000355e+00 0.000000000000000000e+00
2.600000000000000089e+00 0.000000000000000000e+00
2.612500000000000266e+00 0.000000000000000000e+00
2.625000000000000000e+00 0.000000000000000000e+00
2.637500000000000178e+00 0.000000000000000000e+00
2.650000000000000355e+00 0.000000000000000000e+00
2.662500000000000089e+00 0.000000000000000000e+00
2.675000000000000266e+00 0.000000000000000000e+00
2.687500000000000000e+00 0.000000000000000000e+00
2.700000000000000178e+00 0.000000000000000000e+00
2.712500000000000355e+00 0.000000000000000000e+00
2.725000000000000089e+00 0.000000000000000000e+00
2.737500000000000266e+00 0.000000000000000000e+00
2.750000000000000000e+00 0.000000000000000000e+00
2.762500000000000178e+00 0.000000000000000000e+00
2.775000000000000355e+00 0.000000000000000000e+00
2.787500000000000089e+00 0.000000000000000000e+00
2.800000000000000266e+00 0.000000000000000000e+00
2.812500000000000000e+00 0.000000000000000000e+00
2.825000000000000178e+00 0.000000000000000000e+00
2.837500000000000355e+00 0.000000000000000000e+00
2.850000000000000089e+00 0.000000000000000000e+00
2.862500000000000266e+00 0.000000000000000000e+00
2.875000000000000000e+00 0.000000000000000000e+00
2.887500000000000178e+00 0.000000000000000000e+00
2.900000000000000355e+00 0.000000000000000000e+00
2.912500000000000089e+00 0.000000000000000000e+00
2.925000000000000266e+00 0.000000000000000000e+00
2.937500000000000000e+00 0.000000000000000000e+00
2.950000000000000178e+00 0.000000000000000000e+00
2.962500000000000355e+00 0.000000000000000000e+00
2.975000000000000089e+00 0.000000000000000000e+00
2.987500000000000266e+00 0.000000000000000000e+00
3.000000000000000000e+00 0.000000000000000000e+00
3.012500000000000178e+00 0.000000000000000000e+00
3.025000000000000355e+00 0.000000000000000000e+00
3.037500000000000089e+00 0.000000000000000000e+00
3.050000000000000266e+00 0.000000000000000000e+00
3.062500000000000000e+00 0.000000000000000000e+00
3.075000000000000178e+00 0.000000000000000000e+00
3.087500000000000355e+00 0.000000000000000000e+00
3.100000000000000089e+00 0.000000000000000000e+00
3.112500000000000266e+00 0.000000000000000000e+00
3.125000000000000000e+00 0.000000000000000000e+00
3.137500000000000178e+00 0.000000000000000000e+00
3.150000000000000355e+00 0.000000000000000000e+00
3.162500000000000089e+00 0.000000000000000000e+00
3.175000000000000266e+00 0.000000000000000000e+00
3.187500000000000000e+00 0.000000000000000000e+00
3.200000000000000178e+00 0.000000000000000000e+00
3.212500000000000355e+00 0.000000000000000000e+00
3.225000000000000089e+00 0.000000000000000000e+00
3.237500000000000266e+00 0.000000000000000000e+00
3.250000000000000000e+00 0.000000000000000000e+00
3.262500000000000178e+00 0.000000000000000000e+00
3.275000000000000355e+00 0.000000000000000000e+00
3.287500000000000089e+00 0.000000000000000000e+00
3.300000000000000266e+00 0.000000000000000000e+00
3.312500000000000000e+00 0.000000000000000000e+00
3.325000000000000178e+00 0.000000000000000000e+00
3.337500000000000355e+00 0.000000000000000000e+00
3.350000000000000089e+00 0.000000000000000000e+00
3.362500000000000266e+00 0.000000000000000000e+00
3.375000000000000000e+00 0.000000000000000000e+00
3.387500000000000178e+00 0.000000000000000000e+00
3.400000000000000355e+00 0.000000000000000000e+00
3.412500000000000089e+00 0.000000000000000000e+00
3.425000000000000266e+00 0.000000000000000000e+00
3.437500000000000000e+00 0.000000000000000000e+00
3.450000000000000178e+00 0.000000000000000000e+00
3.462500000000000355e+00 0.000000000000000000e+00
3.475000000000000089e+00 0.000000000000000000e+00
3.487500000000000266e+00 0.000000000000000000e+00
3.500000000000000000e+00 0.000000000000000000e+00
3.512500000000000178e+00 0.000000000000000000e+00
3.525000000000000355e+00 0.000000000000000000e+00
3.537500000000000089e+00 0.000000000000000000e+00
3.550000000000000266e+00 0.000000000000000000e+00
3.562500000000000000e+00 0.000000000000000000e+00
3.575000000000000178e+00 0.000000000000000000e+00
3.587500000000000355e+00 0.000000000000000000e+00
3.600000000000000089e+00 0.000000000000000000e+00
3.612500000000000266e+00 0.000000000000000000e+00
3.625000000000000000e+00 0.000000000000000000e+00
3.637500000000000178e+00 0.000000000000000000e+00
3.650000000000000355e+00 0.000000000000000000e+00
3.662500000000000089e+00 0.000000000000000000e+00
3.675000000000000266e+00 0.000000000000000000e+00
3.687500000000000000e+00 0.000000000000000000e+00
3.700000000000000178e+00 0.000000000000000000e+00
3.712500000000000355e+00 0.000000000000000000e+00
3.725000000000000089e+00 0.000000000000000000e+00
3.737500000000000266e+00 0.000000000000000000e+00
3.750000000000000000e+00 0.000000000000000000e+00
3.762500000000000178e+00 0.000000000000000000e+00
3.775000000000000355e+00 0.000000000000000000e+00
3.787500000000000089e+00 0.000000000000000000e+00
3.800000000000000266e+00 0.000000000000000000e+00
3.812500000000000000e+00 0.000000000000000000e+00
3.825000000000000178e+00 0.000000000000000000e+00
3.837500000000000355e+00 0.000000000000000000e+00
3.850000000000000089e+00 0.000000000000000000e+00
3.862500000000000266e+00 0.000000000000000000e+00
3.875000000000000000e+00 0.000000000000000000e+00
3.887500000000000178e+00 0.000000000000000000e+00
3.900000000000000355e+00 0.000000000000000000e+00
3.912500000000000089e+00 0.000000000000000000e+00
3.925000000000000266e+00 0.000000000000000000e+00
3.937500000000000000e+00 0.000000000000000000e+00
3.950000000000000178e+00 0.000000000000000000e+00
3.962500000000000355e+00 0.000000000000000000e+00
3.975000000000000089e+00 0.000000000000000000e+00
3.987500000000000266e+00 0.000000000000000000e+00
