0.000000000000000000e+00 0.000000000000000000e+00
1.250000000000000069e-02 0.000000000000000000e+00
2.500000000000000139e-02 0.000000000000000000e+00
3.750000000000000555e-02 0.000000000000000000e+00
5.000000000000000278e-02 0.000000000000000000e+00
6.250000000000000000e-02 0.000000000000000000e+00
7.500000000000001110e-02 0.000000000000000000e+00
8.750000000000000833e-02 0.000000000000000000e+00
1.000000000000000056e-01 0.000000000000000000e+00
1.125000000000000028e-01 0.000000000000000000e+00
1.250000000000000000e-01 0.000000000000000000e+00
1.375000000000000111e-01 0.000000000000000000e+00
1.500000000000000222e-01 0.000000000000000000e+00
1.625000000000000056e-01 0.000000000000000000e+00
1.750000000000000167e-01 0.000000000000000000e+00
1.875000000000000000e-01 0.000000000000000000e+00
2.000000000000000111e-01 0.000000000000000000e+00
2.125000000000000222e-01 0.000000000000000000e+00
2.250000000000000056e-01 0.000000000000000000e+00
2.375000000000000167e-01 0.000000000000000000e+00
2.500000000000000000e-01 0.000000000000000000e+00
2.625000000000000111e-01 0.000000000000000000e+00
2.750000000000000222e-01 0.000000000000000000e+00
2.875000000000000333e-01 0.000000000000000000e+00
3.000000000000000444e-01 0.000000000000000000e+00
3.125000000000000000e-01 0.000000000000000000e+00
3.250000000000000111e-01 0.000000000000000000e+00
3.375000000000000222e-01 0.000000000000000000e+00
3.500000000000000333e-01 0.000000000000000000e+00
3.625000000000000444e-01 0.000000000000000000e+00
3.750000000000000000e-01 0.000000000000000000e+00
3.875000000000000111e-01 0.000000000000000000e+00
4.000000000000000222e-01 0.000000000000000000e+00
4.125000000000000333e-01 0.000000000000000000e+00
4.250000000000000444e-01 0.000000000000000000e+00
4.375000000000000000e-01 0.000000000000000000e+00
4.500000000000000111e-01 0.000000000000000000e+00
4.625000000000000222e-01 0.000000000000000000e+00
4.750000000000000333e-01 0.000000000000000000e+00
4.875000000000000444e-01 0.000000000000000000e+00
5.000000000000000000e-01 0.000000000000000000e+00
5.125000000000000666e-01 0.000000000000000000e+00
5.250000000000000222e-01 0.000000000000000000e+00
5.374999999999999778e-01 0.000000000000000000e+00
5.500000000000000444e-01 0.000000000000000000e+00
5.625000000000000000e-01 0.000000000000000000e+00
5.750000000000000666e-01 0.000000000000000000e+00
5.875000000000000222e-01 0.000000000000000000e+00
6.000000000000000888e-01 0.000000000000000000e+00
6.125000000000000444e-01 0.000000000000000000e+00
6.250000000000000000e-01 0.000000000000000000e+00
6.375000000000000666e-01 0.000000000000000000e+00
6.500000000000000222e-01 0.000000000000000000e+00
6.625000000000000888e-01 0.000000000000000000e+00
6.750000000000000444e-01 0.000000000000000000e+00
6.875000000000000000e-01 0.000000000000000000e+00
7.000000000000000666e-01 0.000000000000000000e+00
7.125000000000000222e-01 0.000000000000000000e+00
7.250000000000000888e-01 0.000000000000000000e+00
7.375000000000000444e-01 0.000000000000000000e+00
7.500000000000000000e-01 0.000000000000000000e+00
7.625000000000000666e-01 0.000000000000000000e+00
7.750000000000000222e-01 0.000000000000000000e+00
7.875000000000000888e-01 0.000000000000000000e+00
8.000000000000000444e-01 0.000000000000000000e+00
8.125000000000000000e-01 0.000000000000000000e+00
8.250000000000000666e-01 0.000000000000000000e+00
8.375000000000000222e-01 0.000000000000000000e+00
8.500000000000000888e-01 0.000000000000000000e+00
8.625000000000000444e-01 0.000000000000000000e+00
8.750000000000000000e-01 0.000000000000000000e+00
8.875000000000000666e-01 0.000000000000000000e+00
9.000000000000000222e-01 0.000000000000000000e+00
9.125000000000000888e-01 0.000000000000000000e+00
9.250000000000000444e-01 0.000000000000000000e+00
9.375000000000000000e-01 0.000000000000000000e+00
9.500000000000000666e-01 0.000000000000000000e+00
9.625000000000000222e-01 0.000000000000000000e+00
9.750000000000000888e-01 0.000000000000000000e+00
9.875000000000000444e-01 0.000000000000000000e+00
1.000000000000000000e+00 0.000000000000000000e+00
1.012499999999999956e+00 0.000000000000000000e+00
1.025000000000000133e+00 0.000000000000000000e+00
1.037500000000000089e+00 0.000000000000000000e+00
1.050000000000000044e+00 0.000000000000000000e+00
1.062500000000000000e+00 0.000000000000000000e+00
1.074999999999999956e+00 0.000000000000000000e+00
1.087500000000000133e+00 0.000000000000000000e+00
1.100000000000000089e+00 0.000000000000000000e+00
1.112500000000000044e+00 0.000000000000000000e+00
1.125000000000000000e+00 0.000000000000000000e+00
1.137499999999999956e+00 0.000000000000000000e+00
1.150000000000000133e+00 0.000000000000000000e+00
1.162500000000000089e+00 0.000000000000000000e+00
1.175000000000000044e+00 0.000000000000000000e+00
1.187500000000000000e+00 0.000000000000000000e+00
1.200000000000000178e+00 0.000000000000000000e+00
1.212500000000000133e+00 0.000000000000000000e+00
1.225000000000000089e+00 0.000000000000000000e+00
1.237500000000000044e+00 -1.216066999986851422e-313
1.250000000000000000e+00 -3.341246999999999742e-302
1.262500000000000178e+00 -9.225161469645501552e-291
1.275000000000000133e+00 -2.534690950481219666e-279
1.287500000000000089e+00 -6.930448999999999496e-268
1.300000000000000044e+00 -1.904199000000000056e-256
1.312500000000000000e+00 -5.231946999999999862e-245
1.325000000000000178e+00 -1.444537094372121959e-233
1.337500000000000133e+00 -3.968987308638195598e-222
1.350000000000000089e+00 -1.085216000000000072e-210
1.362500000000000044e+00 -2.981721999999999867e-199
1.375000000000000000e+00 -8.192530000000000483e-188
1.387500000000000178e+00 -2.261952267895378706e-176
1.400000000000000133e+00 -6.214904685062523119e-165
1.412500000000000089e+00 -1.699303000000000084e-153
1.425000000000000044e+00 -4.668978000000000162e-142
1.437500000000000000e+00 -1.282840999999999907e-130
1.450000000000000178e+00 -3.541916028335126537e-119
1.462500000000000133e+00 -9.731710759395197241e-108
1.475000000000000089e+00 -2.660882000000000176e-96
1.487500000000000044e+00 -7.310996999999999621e-85
1.500000000000000000e+00 -2.008757999999999921e-73
1.512500000000000178e+00 -5.546167652108829245e-62
1.525000000000000133e+00 -1.523856345314379200e-50
1.537500000000000089e+00 -4.166586999999999830e-39
1.550000000000000044e+00 -1.144805000000000089e-27
1.562500000000000000e+00 2.481718000000000186e-16
1.575000000000000178e+00 1.102368000001045407e-14
1.587500000000000133e+00 5.995249000004190988e-13
1.600000000000000089e+00 2.419626000000000054e-11
1.612500000000000044e+00 7.292458999999999746e-10
1.625000000000000000e+00 1.646857999999999857e-08
1.637500000000000178e+00 2.824909000000608997e-07
1.650000000000000133e+00 3.710086000000601704e-06
1.662500000000000089e+00 3.757955999999999905e-05
1.675000000000000044e+00 2.963862999999999849e-04
1.687500000000000000e+00 1.836006000000000053e-03
1.700000000000000178e+00 9.013740000000467628e-03
1.712500000000000133e+00 3.540541000000136523e-02
1.725000000000000089e+00 1.122927999999999982e-01
1.737500000000000044e+00 2.911526999999999865e-01
1.750000000000000000e+00 6.251341000000000259e-01
1.762500000000000178e+00 1.127168000000010828e+00
1.775000000000000133e+00 1.739174000000010656e+00
1.787500000000000089e+00 2.343999999999999861e+00
1.800000000000000044e+00 2.850398000000000209e+00
1.812500000000000000e+00 3.191504000000000119e+00
1.825000000000000178e+00 3.350224000000000757e+00
1.837500000000000133e+00 3.404568999999999956e+00
1.850000000000000089e+00 3.402026000000000217e+00
1.862500000000000044e+00 3.374632000000000076e+00
1.875000000000000000e+00 3.334537000000000084e+00
1.887500000000000178e+00 3.291861999999999178e+00
1.900000000000000133e+00 3.248549999999998938e+00
1.912500000000000089e+00 3.205103999999999953e+00
1.925000000000000044e+00 3.161636999999999809e+00
1.937500000000000000e+00 3.114209999999999923e+00
1.950000000000000178e+00 3.070715999999999113e+00
1.962500000000000133e+00 3.023397999999998920e+00
1.975000000000000089e+00 2.979467000000000088e+00
1.987500000000000044e+00 2.931633999999999851e+00
2.000000000000000000e+00 2.910849999999999937e+00
2.012500000000000178e+00 2.885939000000000032e+00
2.024999999999999911e+00 2.820885999999999783e+00
2.037500000000000089e+00 2.731008000000000102e+00
2.050000000000000266e+00 2.587076999999991855e+00
2.062500000000000000e+00 2.359830000000000094e+00
2.075000000000000178e+00 2.034613999999999923e+00
2.087499999999999911e+00 1.627590000000000092e+00
2.100000000000000089e+00 1.190368000000000093e+00
2.112500000000000266e+00 7.846823999999885668e-01
2.125000000000000000e+00 4.619079999999999853e-01
2.137500000000000178e+00 2.416856000000000004e-01
2.149999999999999911e+00 1.116164000000000045e-01
2.162500000000000089e+00 4.562826999999999855e-02
2.175000000000000266e+00 1.641414999999959989e-02
2.187500000000000000e+00 5.209247999999999656e-03
2.200000000000000178e+00 1.473422999999999964e-03
2.212499999999999911e+00 3.680956000000000202e-04
2.225000000000000089e+00 8.083093999999999490e-05
2.237500000000000266e+00 1.575739999999953509e-05
2.250000000000000000e+00 2.735133000000000144e-06
2.262500000000000178e+00 4.228581999999999979e-07
2.274999999999999911e+00 5.836027000000000117e-08
2.287500000000000089e+00 7.206727999999999766e-09
2.300000000000000266e+00 7.995855999999744298e-10
2.312500000000000000e+00 7.974710000000000216e-11
2.325000000000000178e+00 7.179774000000000099e-12
2.337499999999999911e+00 5.827682999999999777e-13
2.350000000000000089e+00 4.286785000000000020e-14
2.362500000000000266e+00 2.852282999999907039e-15
2.375000000000000000e+00 2.270242000000000219e-16
2.387500000000000178e+00 -1.600040000000000114e-26
2.400000000000000355e+00 -5.823444999999793707e-38
2.412500000000000089e+00 -2.119479000000000024e-49
2.425000000000000266e+00 -7.713972999999726027e-61
2.437500000000000000e+00 -2.807548000000000166e-72
2.450000000000000178e+00 -1.021824000000000011e-83
2.462500000000000355e+00 -3.718991999999867542e-95
2.475000000000000089e+00 -1.353549999999999953e-106
2.487500000000000266e+00 -4.926327999999824965e-118
2.500000000000000000e+00 -1.792967000000000114e-129
2.512500000000000178e+00 -6.525614999999999896e-141
2.525000000000000355e+00 -2.375037999999915651e-152
2.537500000000000089e+00 -8.644095000000000475e-164
2.550000000000000266e+00 -3.146071999999888078e-175
2.562500000000000000e+00 -1.145031999999999974e-186
2.575000000000000178e+00 -4.167413999999999823e-198
2.587500000000000355e+00 -1.516755999999946214e-209
2.600000000000000089e+00 -5.520326999999999560e-221
2.612500000000000266e+00 -2.009156999999928561e-232
2.625000000000000000e+00 -7.312449999999999932e-244
2.637500000000000178e+00 -2.661411000000000040e-255
2.650000000000000355e+00 -9.686367999999656217e-267
2.662500000000000089e+00 -3.525412999999999912e-278
2.675000000000000266e+00 -1.283095999999954335e-289
2.687500000000000000e+00 -4.669906000000000318e-301
2.700000000000000178e+00 -1.699640999997575488e-312
2.712500000000000355e+00 -4.940656458412465442e-324
2.725000000000000089e+00 0.000000000000000000e+00
2.737500000000000266e+00 0.000000000000000000e+00
2.750000000000000000e+00 0.000000000000000000e+00
2.762500000000000178e+00 0.000000000000000000e+00
2.775000000000000355e+00 0.000000000000000000e+00
2.787500000000000089e+00 0.000000000000000000e+00
2.800000000000000266e+00 0.000000000000000000e+00
2.812500000000000000e+00 0.000000000000000000e+00
2.825000000000000178e+00 0.000000000000000000e+00
2.837500000000000355e+00 0.000000000000000000e+00
2.850000000000000089e+00 0.000000000000000000e+00
2.862500000000000266e+00 0.000000000000000000e+00
2.875000000000000000e+00 0.000000000000000000e+00
2.887500000000000178e+00 0.000000000000000000e+00
2.900000000000000355e+00 0.000000000000000000e+00
2.912500000000000089e+00 0.000000000000000000e+00
2.925000000000000266e+00 0.000000000000000000e+00
2.937500000000000000e+00 0.000000000000000000e+00
2.950000000000000178e+00 0.000000000000000000e+00
2.962500000000000355e+00 0.000000000000000000e+00
2.975000000000000089e+00 0.000000000000000000e+00
2.987500000000000266e+00 0.000000000000000000e+00
3.000000000000000000e+00 0.000000000000000000e+00
3.012500000000000178e+00 0.000000000000000000e+00
3.025000000000000355e+00 0.000000000000000000e+00
3.037500000000000089e+00 0.000000000000000000e+00
3.050000000000000266e+00 0.000000000000000000e+00
3.062500000000000000e+00 0.000000000000000000e+00
3.075000000000000178e+00 0.000000000000000000e+00
3.087500000000000355e+00 0.000000000000000000e+00
3.100000000000000089e+00 0.000000000000000000e+00
3.112500000000000266e+00 0.000000000000000000e+00
3.125000000000000000e+00 0.000000000000000000e+00
3.137500000000000178e+00 0.000000000000000000e+00
3.150000000000000355e+00 0.000000000000000000e+00
3.162500000000000089e+00 0.000000000000000000e+00
3.175000000000000266e+00 0.000000000000000000e+00
3.187500000000000000e+00 0.000000000000000000e+00
3.200000000000000178e+00 0.000000000000000000e+00
3.212500000000000355e+00 0.000000000000000000e+00
3.225000000000000089e+00 0.000000000000000000e+00
3.237500000000000266e+00 0.000000000000000000e+00
3.250000000000000000e+00 0.000000000000000000e+00
3.262500000000000178e+00 0.000000000000000000e+00
3.275000000000000355e+00 0.000000000000000000e+00
3.287500000000000089e+00 0.000000000000000000e+00
3.300000000000000266e+00 0.000000000000000000e+00
3.312500000000000000e+00 0.000000000000000000e+00
3.325000000000000178e+00 0.000000000000000000e+00
3.337500000000000355e+00 0.000000000000000000e+00
3.350000000000000089e+00 0.000000000000000000e+00
3.362500000000000266e+00 0.000000000000000000e+00
3.375000000000000000e+00 0.000000000000000000e+00
3.387500000000000178e+00 0.000000000000000000e+00
3.400000000000000355e+00 0.000000000000000000e+00
3.412500000000000089e+00 0.000000000000000000e+00
3.425000000000000266e+00 0.000000000000000000e+00
3.437500000000000000e+00 0.000000000000000000e+00
3.450000000000000178e+00 0.000000000000000000e+00
3.462500000000000355e+00 0.000000000000000000e+00
3.475000000000000089e+00 0.000000000000000000e+00
3.487500000000000266e+00 0.000000000000000000e+00
3.500000000000000000e+00 0.000000000000000000e+00
3.512500000000000178e+00 0.000000000000000000e+00
3.525000000000000355e+00 0.000000000000000000e+00
3.537500000000000089e+00 0.000000000000000000e+00
3.550000000000000266e+00 0.000000000000000000e+00
3.562500000000000000e+00 0.000000000000000000e+00
3.575000000000000178e+00 0.000000000000000000e+00
3.587500000000000355e+00 0.000000000000000000e+00
3.600000000000000089e+00 0.000000000000000000e+00
3.612500000000000266e+00 0.000000000000000000e+00
3.625000000000000000e+00 0.000000000000000000e+00
3.637500000000000178e+00 0.000000000000000000e+00
3.650000000000000355e+00 0.000000000000000000e+00
3.662500000000000089e+00 0.000000000000000000e+00
3.675000000000000266e+00 0.000000000000000000e+00
3.687500000000000000e+00 0.000000000000000000e+00
3.700000000000000178e+00 0.000000000000000000e+00
3.712500000000000355e+00 0.000000000000000000e+00
3.725000000000000089e+00 0.000000000000000000e+00
3.737500000000000266e+00 0.000000000000000000e+00
3.750000000000000000e+00 0.000000000000000000e+00
3.762500000000000178e+00 0.000000000000000000e+00
3.775000000000000355e+00 0.000000000000000000e+00
3.787500000000000089e+00 0.000000000000000000e+00
3.800000000000000266e+00 0.000000000000000000e+00
3.812500000000000000e+00 0.000000000000000000e+00
3.825000000000000178e+00 0.000000000000000000e+00
3.837500000000000355e+00 0.000000000000000000e+00
3.850000000000000089e+00 0.000000000000000000e+00
3.862500000000000266e+00 0.000000000000000000e+00
3.875000000000000000e+00 0.000000000000000000e+00
3.887500000000000178e+00 0.000000000000000000e+00
3.900000000000000355e+00 0.000000000000000000e+00
3.912500000000000089e+00 0.000000000000000000e+00
3.925000000000000266e+00 0.000000000000000000e+00
3.937500000000000000e+00 0.000000000000000000e+00
3.950000000000000178e+00 0.000000000000000000e+00
3.962500000000000355e+00 0.000000000000000000e+00
3.975000000000000089e+00 0.000000000000000000e+00
3.987500000000000266e+00 0.000000000000000000e+00
