0.000000000000000000e+00 0.000000000000000000e+00
1.250000000000000069e-02 0.000000000000000000e+00
2.500000000000000139e-02 0.000000000000000000e+00
3.750000000000000555e-02 0.000000000000000000e+00
5.000000000000000278e-02 0.000000000000000000e+00
6.250000000000000000e-02 0.000000000000000000e+00
7.500000000000001110e-02 0.000000000000000000e+00
8.750000000000000833e-02 0.000000000000000000e+00
1.000000000000000056e-01 0.000000000000000000e+00
1.125000000000000028e-01 0.000000000000000000e+00
1.250000000000000000e-01 0.000000000000000000e+00
1.375000000000000111e-01 0.000000000000000000e+00
1.500000000000000222e-01 0.000000000000000000e+00
1.625000000000000056e-01 0.000000000000000000e+00
1.750000000000000167e-01 0.000000000000000000e+00
1.875000000000000000e-01 0.000000000000000000e+00
2.000000000000000111e-01 0.000000000000000000e+00
2.125000000000000222e-01 0.000000000000000000e+00
2.250000000000000056e-01 0.000000000000000000e+00
2.375000000000000167e-01 5.370493570294349935e-321
2.500000000000000000e-01 1.362639903326413509e-309
2.625000000000000111e-01 3.431950689702239544e-298
2.750000000000000222e-01 8.572318899766015481e-287
2.875000000000000333e-01 2.119771497118523196e-275
3.000000000000000444e-01 5.177080851720988935e-264
3.125000000000000000e-01 1.244631489348374046e-252
3.250000000000000111e-01 2.931159573229214374e-241
3.375000000000000222e-01 6.711261893344301285e-230
3.500000000000000333e-01 1.475138159661522277e-218
3.625000000000000444e-01 3.039737787992479551e-207
3.750000000000000000e-01 5.567693683673499881e-196
3.875000000000000111e-01 7.647071573096852747e-185
4.000000000000000222e-01 1.223990459526153207e-183
4.125000000000000333e-01 3.152808253866998778e-172
4.250000000000000444e-01 8.085097727326039397e-161
4.375000000000000000e-01 2.062759714403157987e-149
4.500000000000000111e-01 5.231626056181489953e-138
4.625000000000000222e-01 1.317636891470225460e-126
4.750000000000000333e-01 3.291183952929584812e-115
4.875000000000000444e-01 8.138511270301275415e-104
5.000000000000000000e-01 1.987647734583559080e-92
5.125000000000000666e-01 4.778517570241316091e-81
5.250000000000000222e-01 1.125360711693272367e-69
5.374999999999999778e-01 2.576622515751930290e-58
5.500000000000000444e-01 5.663445335535289884e-47
5.625000000000000000e-01 1.166986224133964966e-35
5.750000000000000666e-01 2.137408168113703344e-24
5.875000000000000222e-01 2.292320994960123930e-16
6.000000000000000888e-01 3.669915372669084376e-15
6.125000000000000444e-01 3.397211177929800718e-12
6.250000000000000000e-01 1.259951035878142110e-09
6.375000000000000666e-01 2.022680879756341940e-07
6.500000000000000222e-01 1.467282530429824606e-05
6.625000000000000888e-01 5.029799586291503139e-04
6.750000000000000444e-01 8.559994261036256435e-03
6.875000000000000000e-01 7.675821999070038537e-02
7.000000000000000666e-01 3.910454575622159257e-01
7.125000000000000222e-01 1.240181114424788733e+00
7.250000000000000888e-01 2.688373724284324862e+00
7.375000000000000444e-01 4.306509709143958808e+00
7.500000000000000000e-01 5.474810468563669374e+00
7.625000000000000666e-01 5.998383518247409008e+00
7.750000000000000222e-01 6.134719164715412454e+00
7.875000000000000888e-01 6.146229389518052422e+00
8.000000000000000444e-01 6.131238839470801949e+00
8.125000000000000000e-01 6.110057258233145383e+00
8.250000000000000666e-01 6.086211269113654510e+00
8.375000000000000222e-01 6.050719979877450250e+00
8.500000000000000888e-01 5.949128854769636376e+00
8.625000000000000444e-01 5.613193235888818577e+00
8.750000000000000000e-01 4.806555133807832725e+00
8.875000000000000666e-01 3.502403756153710912e+00
9.000000000000000222e-01 2.051420701341752917e+00
9.125000000000000888e-01 9.185594865090607186e-01
9.250000000000000444e-01 3.007261347214854608e-01
9.375000000000000000e-01 6.960693937525333497e-02
9.500000000000000666e-01 1.117944764514404096e-02
9.625000000000000222e-01 1.237422174960433685e-03
9.750000000000000888e-01 9.452953187783232048e-05
9.875000000000000444e-01 5.019077400776232123e-06
1.000000000000000000e+00 1.874918268458819351e-07
1.012499999999999956e+00 1.607988840021000450e-08
1.025000000000000133e+00 6.573953943362091527e-10
1.037500000000000089e+00 1.663973476996836348e-11
1.050000000000000044e+00 2.835230170824218720e-13
1.062500000000000000e+00 3.394215103006240299e-15
1.074999999999999956e+00 -1.165493683649162616e-19
1.087500000000000133e+00 -4.948442293580384026e-31
1.100000000000000089e+00 -2.058326187198104550e-42
1.112500000000000044e+00 -8.427899239504788381e-54
1.125000000000000000e+00 -3.408025314040306698e-65
1.137499999999999956e+00 -1.364395593822579613e-76
1.150000000000000133e+00 -5.417399107184193193e-88
1.162500000000000089e+00 -2.135921515489676295e-99
1.175000000000000044e+00 -8.371616738867443806e-111
1.187500000000000000e+00 -3.264669950424566548e-122
1.200000000000000178e+00 -2.611527164680700646e-126
1.212500000000000133e+00 -7.927015810825667597e-135
1.225000000000000089e+00 -5.769738845204553108e-146
1.237500000000000044e+00 -3.148873986399167807e-157
1.250000000000000000e+00 -1.527764178221102445e-168
1.262500000000000178e+00 -6.950801115999404572e-180
1.275000000000000133e+00 -3.035608125271414910e-191
1.287500000000000089e+00 -1.288855873702845019e-202
1.300000000000000044e+00 -5.361048996569611548e-214
1.312500000000000000e+00 -2.195104386865870842e-225
1.325000000000000178e+00 -8.876431950817953234e-237
1.337500000000000133e+00 -3.553662288891383573e-248
1.350000000000000089e+00 -1.410998357160625553e-259
1.362500000000000044e+00 -5.563152959578648998e-271
1.375000000000000000e+00 -2.180445030449620104e-282
1.387500000000000178e+00 -8.503055874448810213e-294
1.400000000000000133e+00 -6.801900877001743430e-298
1.412500000000000089e+00 -2.066965663079265190e-306
1.425000000000000044e+00 -1.502880007655591737e-317
1.437500000000000000e+00 0.000000000000000000e+00
1.450000000000000178e+00 0.000000000000000000e+00
1.462500000000000133e+00 0.000000000000000000e+00
1.475000000000000089e+00 0.000000000000000000e+00
1.487500000000000044e+00 0.000000000000000000e+00
1.500000000000000000e+00 0.000000000000000000e+00
1.512500000000000178e+00 0.000000000000000000e+00
1.525000000000000133e+00 0.000000000000000000e+00
1.537500000000000089e+00 0.000000000000000000e+00
1.550000000000000044e+00 0.000000000000000000e+00
1.562500000000000000e+00 0.000000000000000000e+00
1.575000000000000178e+00 0.000000000000000000e+00
1.587500000000000133e+00 0.000000000000000000e+00
1.600000000000000089e+00 0.000000000000000000e+00
1.612500000000000044e+00 0.000000000000000000e+00
1.625000000000000000e+00 0.000000000000000000e+00
1.637500000000000178e+00 0.000000000000000000e+00
1.650000000000000133e+00 0.000000000000000000e+00
1.662500000000000089e+00 0.000000000000000000e+00
1.675000000000000044e+00 0.000000000000000000e+00
1.687500000000000000e+00 0.000000000000000000e+00
1.700000000000000178e+00 0.000000000000000000e+00
1.712500000000000133e+00 0.000000000000000000e+00
1.725000000000000089e+00 0.000000000000000000e+00
1.737500000000000044e+00 0.000000000000000000e+00
1.750000000000000000e+00 0.000000000000000000e+00
1.762500000000000178e+00 0.000000000000000000e+00
1.775000000000000133e+00 0.000000000000000000e+00
1.787500000000000089e+00 0.000000000000000000e+00
1.800000000000000044e+00 0.000000000000000000e+00
1.812500000000000000e+00 0.000000000000000000e+00
1.825000000000000178e+00 0.000000000000000000e+00
1.837500000000000133e+00 0.000000000000000000e+00
1.850000000000000089e+00 0.000000000000000000e+00
1.862500000000000044e+00 0.000000000000000000e+00
1.875000000000000000e+00 0.000000000000000000e+00
1.887500000000000178e+00 0.000000000000000000e+00
1.900000000000000133e+00 0.000000000000000000e+00
1.912500000000000089e+00 0.000000000000000000e+00
1.925000000000000044e+00 0.000000000000000000e+00
1.937500000000000000e+00 0.000000000000000000e+00
1.950000000000000178e+00 0.000000000000000000e+00
1.962500000000000133e+00 0.000000000000000000e+00
1.975000000000000089e+00 0.000000000000000000e+00
1.987500000000000044e+00 0.000000000000000000e+00
2.000000000000000000e+00 0.000000000000000000e+00
2.012500000000000178e+00 0.000000000000000000e+00
2.024999999999999911e+00 0.000000000000000000e+00
2.037500000000000089e+00 0.000000000000000000e+00
2.050000000000000266e+00 0.000000000000000000e+00
2.062500000000000000e+00 0.000000000000000000e+00
2.075000000000000178e+00 0.000000000000000000e+00
2.087499999999999911e+00 0.000000000000000000e+00
2.100000000000000089e+00 0.000000000000000000e+00
2.112500000000000266e+00 0.000000000000000000e+00
2.125000000000000000e+00 0.000000000000000000e+00
2.137500000000000178e+00 0.000000000000000000e+00
2.149999999999999911e+00 0.000000000000000000e+00
2.162500000000000089e+00 0.000000000000000000e+00
2.175000000000000266e+00 0.000000000000000000e+00
2.187500000000000000e+00 0.000000000000000000e+00
2.200000000000000178e+00 0.000000000000000000e+00
2.212499999999999911e+00 0.000000000000000000e+00
2.225000000000000089e+00 0.000000000000000000e+00
2.237500000000000266e+00 0.000000000000000000e+00
2.250000000000000000e+00 0.000000000000000000e+00
2.262500000000000178e+00 0.000000000000000000e+00
2.274999999999999911e+00 0.000000000000000000e+00
2.287500000000000089e+00 0.000000000000000000e+00
2.300000000000000266e+00 0.000000000000000000e+00
2.312500000000000000e+00 0.000000000000000000e+00
2.325000000000000178e+00 0.000000000000000000e+00
2.337499999999999911e+00 0.000000000000000000e+00
2.350000000000000089e+00 0.000000000000000000e+00
2.362500000000000266e+00 0.000000000000000000e+00
2.375000000000000000e+00 0.000000000000000000e+00
2.387500000000000178e+00 0.000000000000000000e+00
2.400000000000000355e+00 0.000000000000000000e+00
2.412500000000000089e+00 0.000000000000000000e+00
2.425000000000000266e+00 0.000000000000000000e+00
2.437500000000000000e+00 0.000000000000000000e+00
2.450000000000000178e+00 0.000000000000000000e+00
2.462500000000000355e+00 0.000000000000000000e+00
2.475000000000000089e+00 0.000000000000000000e+00
2.487500000000000266e+00 0.000000000000000000e+00
2.500000000000000000e+00 0.000000000000000000e+00
2.512500000000000178e+00 0.000000000000000000e+00
2.525000000000000355e+00 0.000000000000000000e+00
2.537500000000000089e+00 0.000000000000000000e+00
2.550000000000000266e+00 0.000000000000000000e+00
2.562500000000000000e+00 0.000000000000000000e+00
2.575000000000000178e+00 0.000000000000000000e+00
2.587500000000000355e+00 0.000000000000000000e+00
2.600000000000000089e+00 0.000000000000000000e+00
2.612500000000000266e+00 0.000000000000000000e+00
2.625000000000000000e+00 0.000000000000000000e+00
2.637500000000000178e+00 0.000000000000000000e+00
2.650000000000000355e+00 0.000000000000000000e+00
2.662500000000000089e+00 0.000000000000000000e+00
2.675000000000000266e+00 0.000000000000000000e+00
2.687500000000000000e+00 0.000000000000000000e+00
2.700000000000000178e+00 0.000000000000000000e+00
2.712500000000000355e+00 0.000000000000000000e+00
2.725000000000000089e+00 0.000000000000000000e+00
2.737500000000000266e+00 0.000000000000000000e+00
2.750000000000000000e+00 0.000000000000000000e+00
2.762500000000000178e+00 0.000000000000000000e+00
2.775000000000000355e+00 0.000000000000000000e+00
2.787500000000000089e+00 0.000000000000000000e+00
2.800000000000000266e+00 0.000000000000000000e+00
2.812500000000000000e+00 0.000000000000000000e+00
2.825000000000000178e+00 0.000000000000000000e+00
2.837500000000000355e+00 0.000000000000000000e+00
2.850000000000000089e+00 0.000000000000000000e+00
2.862500000000000266e+00 0.000000000000000000e+00
2.875000000000000000e+00 0.000000000000000000e+00
2.887500000000000178e+00 0.000000000000000000e+00
2.900000000000000355e+00 0.000000000000000000e+00
2.912500000000000089e+00 0.000000000000000000e+00
2.925000000000000266e+00 0.000000000000000000e+00
2.937500000000000000e+00 0.000000000000000000e+00
2.950000000000000178e+00 0.000000000000000000e+00
2.962500000000000355e+00 0.000000000000000000e+00
2.975000000000000089e+00 0.000000000000000000e+00
2.987500000000000266e+00 0.000000000000000000e+00
3.000000000000000000e+00 0.000000000000000000e+00
3.012500000000000178e+00 0.000000000000000000e+00
3.025000000000000355e+00 0.000000000000000000e+00
3.037500000000000089e+00 0.000000000000000000e+00
3.050000000000000266e+00 0.000000000000000000e+00
3.062500000000000000e+00 0.000000000000000000e+00
3.075000000000000178e+00 0.000000000000000000e+00
3.087500000000000355e+00 0.000000000000000000e+00
3.100000000000000089e+00 0.000000000000000000e+00
3.112500000000000266e+00 0.000000000000000000e+00
3.125000000000000000e+00 0.000000000000000000e+00
3.137500000000000178e+00 0.000000000000000000e+00
3.150000000000000355e+00 0.000000000000000000e+00
3.162500000000000089e+00 0.000000000000000000e+00
3.175000000000000266e+00 0.000000000000000000e+00
3.187500000000000000e+00 0.000000000000000000e+00
3.200000000000000178e+00 0.000000000000000000e+00
3.212500000000000355e+00 0.000000000000000000e+00
3.225000000000000089e+00 0.000000000000000000e+00
3.237500000000000266e+00 0.000000000000000000e+00
3.250000000000000000e+00 0.000000000000000000e+00
3.262500000000000178e+00 0.000000000000000000e+00
3.275000000000000355e+00 0.000000000000000000e+00
3.287500000000000089e+00 0.000000000000000000e+00
3.300000000000000266e+00 0.000000000000000000e+00
3.312500000000000000e+00 0.000000000000000000e+00
3.325000000000000178e+00 0.000000000000000000e+00
3.337500000000000355e+00 0.000000000000000000e+00
3.350000000000000089e+00 0.000000000000000000e+00
3.362500000000000266e+00 0.000000000000000000e+00
3.375000000000000000e+00 0.000000000000000000e+00
3.387500000000000178e+00 0.000000000000000000e+00
3.400000000000000355e+00 0.000000000000000000e+00
3.412500000000000089e+00 0.000000000000000000e+00
3.425000000000000266e+00 0.000000000000000000e+00
3.437500000000000000e+00 0.000000000000000000e+00
3.450000000000000178e+00 0.000000000000000000e+00
3.462500000000000355e+00 0.000000000000000000e+00
3.475000000000000089e+00 0.000000000000000000e+00
3.487500000000000266e+00 0.000000000000000000e+00
3.500000000000000000e+00 0.000000000000000000e+00
3.512500000000000178e+00 0.000000000000000000e+00
3.525000000000000355e+00 0.000000000000000000e+00
3.537500000000000089e+00 0.000000000000000000e+00
3.550000000000000266e+00 0.000000000000000000e+00
3.562500000000000000e+00 0.000000000000000000e+00
3.575000000000000178e+00 0.000000000000000000e+00
3.587500000000000355e+00 0.000000000000000000e+00
3.600000000000000089e+00 0.000000000000000000e+00
3.612500000000000266e+00 0.000000000000000000e+00
3.625000000000000000e+00 0.000000000000000000e+00
3.637500000000000178e+00 0.000000000000000000e+00
3.650000000000000355e+00 0.000000000000000000e+00
3.662500000000000089e+00 0.000000000000000000e+00
3.675000000000000266e+00 0.000000000000000000e+00
3.687500000000000000e+00 0.000000000000000000e+00
3.700000000000000178e+00 0.000000000000000000e+00
3.712500000000000355e+00 0.000000000000000000e+00
3.725000000000000089e+00 0.000000000000000000e+00
3.737500000000000266e+00 0.000000000000000000e+00
3.750000000000000000e+00 0.000000000000000000e+00
3.762500000000000178e+00 0.000000000000000000e+00
3.775000000000000355e+00 0.000000000000000000e+00
3.787500000000000089e+00 0.000000000000000000e+00
3.800000000000000266e+00 0.000000000000000000e+00
3.812500000000000000e+00 0.000000000000000000e+00
3.825000000000000178e+00 0.000000000000000000e+00
3.837500000000000355e+00 0.000000000000000000e+00
3.850000000000000089e+00 0.000000000000000000e+00
3.862500000000000266e+00 0.000000000000000000e+00
3.875000000000000000e+00 0.000000000000000000e+00
3.887500000000000178e+00 0.000000000000000000e+00
3.900000000000000355e+00 0.000000000000000000e+00
3.912500000000000089e+00 0.000000000000000000e+00
3.925000000000000266e+00 0.000000000000000000e+00
3.937500000000000000e+00 0.000000000000000000e+00
3.950000000000000178e+00 0.000000000000000000e+00
3.962500000000000355e+00 0.000000000000000000e+00
3.975000000000000089e+00 0.000000000000000000e+00
3.987500000000000266e+00 0.000000000000000000e+00
