0.000000000000000000e+00 0.000000000000000000e+00
1.250000000000000069e-02 0.000000000000000000e+00
2.500000000000000139e-02 0.000000000000000000e+00
3.750000000000000555e-02 0.000000000000000000e+00
5.000000000000000278e-02 0.000000000000000000e+00
6.250000000000000000e-02 0.000000000000000000e+00
7.500000000000001110e-02 0.000000000000000000e+00
8.750000000000000833e-02 0.000000000000000000e+00
1.000000000000000056e-01 0.000000000000000000e+00
1.125000000000000028e-01 0.000000000000000000e+00
1.250000000000000000e-01 0.000000000000000000e+00
1.375000000000000111e-01 0.000000000000000000e+00
1.500000000000000222e-01 0.000000000000000000e+00
1.625000000000000056e-01 0.000000000000000000e+00
1.750000000000000167e-01 0.000000000000000000e+00
1.875000000000000000e-01 0.000000000000000000e+00
2.000000000000000111e-01 0.000000000000000000e+00
2.125000000000000222e-01 0.000000000000000000e+00
2.250000000000000056e-01 0.000000000000000000e+00
2.375000000000000167e-01 0.000000000000000000e+00
2.500000000000000000e-01 0.000000000000000000e+00
2.625000000000000111e-01 0.000000000000000000e+00
2.750000000000000222e-01 0.000000000000000000e+00
2.875000000000000333e-01 0.000000000000000000e+00
3.000000000000000444e-01 0.000000000000000000e+00
3.125000000000000000e-01 0.000000000000000000e+00
3.250000000000000111e-01 0.000000000000000000e+00
3.375000000000000222e-01 0.000000000000000000e+00
3.500000000000000333e-01 0.000000000000000000e+00
3.625000000000000444e-01 0.000000000000000000e+00
3.750000000000000000e-01 0.000000000000000000e+00
3.875000000000000111e-01 0.000000000000000000e+00
4.000000000000000222e-01 0.000000000000000000e+00
4.125000000000000333e-01 0.000000000000000000e+00
4.250000000000000444e-01 0.000000000000000000e+00
4.375000000000000000e-01 0.000000000000000000e+00
4.500000000000000111e-01 0.000000000000000000e+00
4.625000000000000222e-01 0.000000000000000000e+00
4.750000000000000333e-01 0.000000000000000000e+00
4.875000000000000444e-01 0.000000000000000000e+00
5.000000000000000000e-01 0.000000000000000000e+00
5.125000000000000666e-01 0.000000000000000000e+00
5.250000000000000222e-01 0.000000000000000000e+00
5.374999999999999778e-01 0.000000000000000000e+00
5.500000000000000444e-01 0.000000000000000000e+00
5.625000000000000000e-01 0.000000000000000000e+00
5.750000000000000666e-01 0.000000000000000000e+00
5.875000000000000222e-01 0.000000000000000000e+00
6.000000000000000888e-01 0.000000000000000000e+00
6.125000000000000444e-01 0.000000000000000000e+00
6.250000000000000000e-01 0.000000000000000000e+00
6.375000000000000666e-01 0.000000000000000000e+00
6.500000000000000222e-01 0.000000000000000000e+00
6.625000000000000888e-01 0.000000000000000000e+00
6.750000000000000444e-01 0.000000000000000000e+00
6.875000000000000000e-01 0.000000000000000000e+00
7.000000000000000666e-01 0.000000000000000000e+00
7.125000000000000222e-01 0.000000000000000000e+00
7.250000000000000888e-01 0.000000000000000000e+00
7.375000000000000444e-01 0.000000000000000000e+00
7.500000000000000000e-01 0.000000000000000000e+00
7.625000000000000666e-01 0.000000000000000000e+00
7.750000000000000222e-01 0.000000000000000000e+00
7.875000000000000888e-01 0.000000000000000000e+00
8.000000000000000444e-01 0.000000000000000000e+00
8.125000000000000000e-01 0.000000000000000000e+00
8.250000000000000666e-01 0.000000000000000000e+00
8.375000000000000222e-01 0.000000000000000000e+00
8.500000000000000888e-01 0.000000000000000000e+00
8.625000000000000444e-01 0.000000000000000000e+00
8.750000000000000000e-01 0.000000000000000000e+00
8.875000000000000666e-01 0.000000000000000000e+00
9.000000000000000222e-01 0.000000000000000000e+00
9.125000000000000888e-01 0.000000000000000000e+00
9.250000000000000444e-01 0.000000000000000000e+00
9.375000000000000000e-01 0.000000000000000000e+00
9.500000000000000666e-01 0.000000000000000000e+00
9.625000000000000222e-01 0.000000000000000000e+00
9.750000000000000888e-01 0.000000000000000000e+00
9.875000000000000444e-01 0.000000000000000000e+00
1.000000000000000000e+00 3.583133000001068082e-314
1.012499999999999956e+00 9.844956999999999369e-303
1.025000000000000133e+00 2.718186189563751078e-291
1.037500000000000089e+00 7.432171999999999866e-280
1.050000000000000044e+00 2.042050999999999878e-268
1.062500000000000000e+00 5.610706999999999952e-257
1.074999999999999956e+00 1.541589000000000003e-245
1.087500000000000133e+00 4.256317867861928211e-234
1.100000000000000089e+00 1.163778999999999968e-222
1.112500000000000044e+00 3.197580000000000193e-211
1.125000000000000000e+00 8.785618999999999828e-200
1.137499999999999956e+00 2.413923000000000135e-188
1.150000000000000133e+00 6.664824941482776956e-177
1.162500000000000089e+00 1.822322000000000036e-165
1.175000000000000044e+00 5.006983999999999892e-154
1.187500000000000000e+00 1.375711000000000004e-142
1.200000000000000178e+00 3.798329425009797765e-131
1.212500000000000133e+00 1.043622859110205845e-119
1.225000000000000089e+00 2.853514000000000090e-108
1.237500000000000044e+00 7.840267999999999894e-97
1.250000000000000000e+00 2.154178999999999957e-85
1.262500000000000178e+00 5.947676772174252495e-74
1.275000000000000133e+00 1.634174156709629632e-62
1.287500000000000089e+00 4.468222000000000073e-51
1.300000000000000044e+00 1.227680999999999968e-39
1.312500000000000000e+00 3.373158000000000014e-28
1.325000000000000178e+00 1.234036000002808209e-16
1.337500000000000133e+00 1.593099000002191746e-14
1.350000000000000089e+00 1.249714000000000020e-12
1.362500000000000044e+00 6.835538999999999839e-11
1.375000000000000000e+00 2.625556000000000151e-09
1.387500000000000178e+00 7.174534000002383677e-08
1.400000000000000133e+00 1.413896000000335025e-06
1.412500000000000089e+00 2.027233000000000111e-05
1.425000000000000044e+00 2.130659000000000025e-04
1.437500000000000000e+00 1.667026999999999962e-03
1.450000000000000178e+00 9.813581000000608928e-03
1.462500000000000133e+00 4.409834000000193571e-02
1.475000000000000089e+00 1.532159999999999911e-01
1.487500000000000044e+00 4.179917000000000216e-01
1.500000000000000000e+00 9.115510999999999475e-01
1.512500000000000178e+00 1.621841000000014299e+00
1.525000000000000133e+00 2.420600000000012297e+00
1.537500000000000089e+00 3.123028999999999833e+00
1.550000000000000044e+00 3.604388999999999843e+00
1.562500000000000000e+00 3.865298000000000123e+00
1.575000000000000178e+00 3.966640000000000388e+00
1.587500000000000133e+00 3.985740999999999978e+00
1.600000000000000089e+00 3.989365999999999968e+00
1.612500000000000044e+00 3.983023999999999898e+00
1.625000000000000000e+00 3.957727999999999913e+00
1.637500000000000178e+00 3.933910999999999714e+00
1.650000000000000133e+00 3.910281999999999591e+00
1.662500000000000089e+00 3.882588000000000150e+00
1.675000000000000044e+00 3.854680000000000106e+00
1.687500000000000000e+00 3.825492999999999810e+00
1.700000000000000178e+00 3.790670999999999236e+00
1.712500000000000133e+00 3.736645999999998136e+00
1.725000000000000089e+00 3.628204999999999902e+00
1.737500000000000044e+00 3.417848000000000219e+00
1.750000000000000000e+00 3.052446000000000215e+00
1.762500000000000178e+00 2.515237999999988538e+00
1.775000000000000133e+00 1.867711999999988715e+00
1.787500000000000089e+00 1.224371000000000098e+00
1.800000000000000044e+00 7.040615000000000068e-01
1.812500000000000000e+00 3.493464000000000014e-01
1.825000000000000178e+00 1.475361999999983409e-01
1.837500000000000133e+00 5.336385999999934682e-02
1.850000000000000089e+00 1.650435000000000096e-02
1.862500000000000044e+00 4.366418999999999856e-03
1.875000000000000000e+00 9.884631000000000060e-04
1.887500000000000178e+00 1.920928999999971525e-04
1.900000000000000133e+00 3.212700999999951201e-05
1.912500000000000089e+00 4.637186999999999687e-06
1.925000000000000044e+00 5.793785999999999944e-07
1.937500000000000000e+00 6.277564999999999342e-08
1.950000000000000178e+00 5.932113999999902945e-09
1.962500000000000133e+00 4.892580999999919745e-10
1.975000000000000089e+00 3.541137999999999890e-11
1.987500000000000044e+00 2.250866000000000196e-12
2.000000000000000000e+00 1.277126000000000045e-13
2.012500000000000178e+00 6.205655000000000058e-15
2.024999999999999911e+00 3.128727999999999827e-16
2.037500000000000089e+00 8.196821000000000497e-26
2.050000000000000266e+00 2.983282999999893722e-37
2.062500000000000000e+00 1.085784000000000072e-48
2.075000000000000178e+00 3.951778999999999746e-60
2.087499999999999911e+00 1.438274000000000054e-71
2.100000000000000089e+00 5.234686999999999661e-83
2.112500000000000266e+00 1.905195999999932524e-94
2.125000000000000000e+00 6.934079999999999569e-106
2.137500000000000178e+00 2.523700999999999982e-117
2.149999999999999911e+00 9.185163999999999850e-129
2.162500000000000089e+00 3.342997000000000017e-140
2.175000000000000266e+00 1.216703999999956711e-151
2.187500000000000000e+00 4.428270000000000046e-163
2.200000000000000178e+00 1.611696000000000103e-174
2.212499999999999911e+00 5.865866000000000275e-186
2.225000000000000089e+00 2.134917999999999910e-197
2.237500000000000266e+00 7.770164999999724499e-209
2.250000000000000000e+00 2.827998999999999878e-220
2.262500000000000178e+00 1.029268000000000032e-231
2.274999999999999911e+00 3.746083000000000182e-243
2.287500000000000089e+00 1.363410000000000088e-254
2.300000000000000266e+00 4.962213999999823682e-266
2.312500000000000000e+00 1.806028000000000024e-277
2.325000000000000178e+00 6.573151000000000262e-289
2.337499999999999911e+00 2.392339000000000000e-300
2.350000000000000089e+00 8.707063000001423331e-312
2.362500000000000266e+00 2.964393875047479265e-323
2.375000000000000000e+00 0.000000000000000000e+00
2.387500000000000178e+00 0.000000000000000000e+00
2.400000000000000355e+00 0.000000000000000000e+00
2.412500000000000089e+00 0.000000000000000000e+00
2.425000000000000266e+00 0.000000000000000000e+00
2.437500000000000000e+00 0.000000000000000000e+00
2.450000000000000178e+00 0.000000000000000000e+00
2.462500000000000355e+00 0.000000000000000000e+00
2.475000000000000089e+00 0.000000000000000000e+00
2.487500000000000266e+00 0.000000000000000000e+00
2.500000000000000000e+00 0.000000000000000000e+00
2.512500000000000178e+00 0.000000000000000000e+00
2.525000000000000355e+00 0.000000000000000000e+00
2.537500000000000089e+00 0.000000000000000000e+00
2.550000000000000266e+00 0.000000000000000000e+00
2.562500000000000000e+00 0.000000000000000000e+00
2.575000000000000178e+00 0.000000000000000000e+00
2.587500000000000355e+00 0.000000000000000000e+00
2.600000000000000089e+00 0.000000000000000000e+00
2.612500000000000266e+00 0.000000000000000000e+00
2.625000000000000000e+00 0.000000000000000000e+00
2.637500000000000178e+00 0.000000000000000000e+00
2.650000000000000355e+00 0.000000000000000000e+00
2.662500000000000089e+00 0.000000000000000000e+00
2.675000000000000266e+00 0.000000000000000000e+00
2.687500000000000000e+00 0.000000000000000000e+00
2.700000000000000178e+00 0.000000000000000000e+00
2.712500000000000355e+00 0.000000000000000000e+00
2.725000000000000089e+00 0.000000000000000000e+00
2.737500000000000266e+00 0.000000000000000000e+00
2.750000000000000000e+00 0.000000000000000000e+00
2.762500000000000178e+00 0.000000000000000000e+00
2.775000000000000355e+00 0.000000000000000000e+00
2.787500000000000089e+00 0.000000000000000000e+00
2.800000000000000266e+00 0.000000000000000000e+00
2.812500000000000000e+00 0.000000000000000000e+00
2.825000000000000178e+00 0.000000000000000000e+00
2.837500000000000355e+00 0.000000000000000000e+00
2.850000000000000089e+00 0.000000000000000000e+00
2.862500000000000266e+00 0.000000000000000000e+00
2.875000000000000000e+00 0.000000000000000000e+00
2.887500000000000178e+00 0.000000000000000000e+00
2.900000000000000355e+00 0.000000000000000000e+00
2.912500000000000089e+00 0.000000000000000000e+00
2.925000000000000266e+00 0.000000000000000000e+00
2.937500000000000000e+00 0.000000000000000000e+00
2.950000000000000178e+00 0.000000000000000000e+00
2.962500000000000355e+00 0.000000000000000000e+00
2.975000000000000089e+00 0.000000000000000000e+00
2.987500000000000266e+00 0.000000000000000000e+00
3.000000000000000000e+00 0.000000000000000000e+00
3.012500000000000178e+00 0.000000000000000000e+00
3.025000000000000355e+00 0.000000000000000000e+00
3.037500000000000089e+00 0.000000000000000000e+00
3.050000000000000266e+00 0.000000000000000000e+00
3.062500000000000000e+00 0.000000000000000000e+00
3.075000000000000178e+00 0.000000000000000000e+00
3.087500000000000355e+00 0.000000000000000000e+00
3.100000000000000089e+00 0.000000000000000000e+00
3.112500000000000266e+00 0.000000000000000000e+00
3.125000000000000000e+00 0.000000000000000000e+00
3.137500000000000178e+00 0.000000000000000000e+00
3.150000000000000355e+00 0.000000000000000000e+00
3.162500000000000089e+00 0.000000000000000000e+00
3.175000000000000266e+00 0.000000000000000000e+00
3.187500000000000000e+00 0.000000000000000000e+00
3.200000000000000178e+00 0.000000000000000000e+00
3.212500000000000355e+00 0.000000000000000000e+00
3.225000000000000089e+00 0.000000000000000000e+00
3.237500000000000266e+00 0.000000000000000000e+00
3.250000000000000000e+00 0.000000000000000000e+00
3.262500000000000178e+00 0.000000000000000000e+00
3.275000000000000355e+00 0.000000000000000000e+00
3.287500000000000089e+00 0.000000000000000000e+00
3.300000000000000266e+00 0.000000000000000000e+00
3.312500000000000000e+00 0.000000000000000000e+00
3.325000000000000178e+00 0.000000000000000000e+00
3.337500000000000355e+00 0.000000000000000000e+00
3.350000000000000089e+00 0.000000000000000000e+00
3.362500000000000266e+00 0.000000000000000000e+00
3.375000000000000000e+00 0.000000000000000000e+00
3.387500000000000178e+00 0.000000000000000000e+00
3.400000000000000355e+00 0.000000000000000000e+00
3.412500000000000089e+00 0.000000000000000000e+00
3.425000000000000266e+00 0.000000000000000000e+00
3.437500000000000000e+00 0.000000000000000000e+00
3.450000000000000178e+00 0.000000000000000000e+00
3.462500000000000355e+00 0.000000000000000000e+00
3.475000000000000089e+00 0.000000000000000000e+00
3.487500000000000266e+00 0.000000000000000000e+00
3.500000000000000000e+00 0.000000000000000000e+00
3.512500000000000178e+00 0.000000000000000000e+00
3.525000000000000355e+00 0.000000000000000000e+00
3.537500000000000089e+00 0.000000000000000000e+00
3.550000000000000266e+00 0.000000000000000000e+00
3.562500000000000000e+00 0.000000000000000000e+00
3.575000000000000178e+00 0.000000000000000000e+00
3.587500000000000355e+00 0.000000000000000000e+00
3.600000000000000089e+00 0.000000000000000000e+00
3.612500000000000266e+00 0.000000000000000000e+00
3.625000000000000000e+00 0.000000000000000000e+00
3.637500000000000178e+00 0.000000000000000000e+00
3.650000000000000355e+00 0.000000000000000000e+00
3.662500000000000089e+00 0.000000000000000000e+00
3.675000000000000266e+00 0.000000000000000000e+00
3.687500000000000000e+00 0.000000000000000000e+00
3.700000000000000178e+00 0.000000000000000000e+00
3.712500000000000355e+00 0.000000000000000000e+00
3.725000000000000089e+00 0.000000000000000000e+00
3.737500000000000266e+00 0.000000000000000000e+00
3.750000000000000000e+00 0.000000000000000000e+00
3.762500000000000178e+00 0.000000000000000000e+00
3.775000000000000355e+00 0.000000000000000000e+00
3.787500000000000089e+00 0.000000000000000000e+00
3.800000000000000266e+00 0.000000000000000000e+00
3.812500000000000000e+00 0.000000000000000000e+00
3.825000000000000178e+00 0.000000000000000000e+00
3.837500000000000355e+00 0.000000000000000000e+00
3.850000000000000089e+00 0.000000000000000000e+00
3.862500000000000266e+00 0.000000000000000000e+00
3.875000000000000000e+00 0.000000000000000000e+00
3.887500000000000178e+00 0.000000000000000000e+00
3.900000000000000355e+00 0.000000000000000000e+00
3.912500000000000089e+00 0.000000000000000000e+00
3.925000000000000266e+00 0.000000000000000000e+00
3.937500000000000000e+00 0.000000000000000000e+00
3.950000000000000178e+00 0.000000000000000000e+00
3.962500000000000355e+00 0.000000000000000000e+00
3.975000000000000089e+00 0.000000000000000000e+00
3.987500000000000266e+00 0.000000000000000000e+00
