0.000000000000000000e+00 0.000000000000000000e+00
1.250000000000000069e-02 0.000000000000000000e+00
2.500000000000000139e-02 0.000000000000000000e+00
3.750000000000000555e-02 0.000000000000000000e+00
5.000000000000000278e-02 0.000000000000000000e+00
6.250000000000000000e-02 0.000000000000000000e+00
7.500000000000001110e-02 0.000000000000000000e+00
8.750000000000000833e-02 0.000000000000000000e+00
1.000000000000000056e-01 0.000000000000000000e+00
1.125000000000000028e-01 0.000000000000000000e+00
1.250000000000000000e-01 0.000000000000000000e+00
1.375000000000000111e-01 0.000000000000000000e+00
1.500000000000000222e-01 0.000000000000000000e+00
1.625000000000000056e-01 0.000000000000000000e+00
1.750000000000000167e-01 0.000000000000000000e+00
1.875000000000000000e-01 0.000000000000000000e+00
2.000000000000000111e-01 0.000000000000000000e+00
2.125000000000000222e-01 0.000000000000000000e+00
2.250000000000000056e-01 0.000000000000000000e+00
2.375000000000000167e-01 0.000000000000000000e+00
2.500000000000000000e-01 0.000000000000000000e+00
2.625000000000000111e-01 0.000000000000000000e+00
2.750000000000000222e-01 0.000000000000000000e+00
2.875000000000000333e-01 0.000000000000000000e+00
3.000000000000000444e-01 0.000000000000000000e+00
3.125000000000000000e-01 0.000000000000000000e+00
3.250000000000000111e-01 0.000000000000000000e+00
3.375000000000000222e-01 0.000000000000000000e+00
3.500000000000000333e-01 0.000000000000000000e+00
3.625000000000000444e-01 0.000000000000000000e+00
3.750000000000000000e-01 0.000000000000000000e+00
3.875000000000000111e-01 -1.160821513895239213e-314
4.000000000000000222e-01 -1.858011193674871945e-313
4.125000000000000333e-01 -4.785945891739206967e-302
4.250000000000000444e-01 -1.227313869447814534e-290
4.375000000000000000e-01 -3.131258118862031958e-279
4.500000000000000111e-01 -7.941579678858835772e-268
4.625000000000000222e-01 -2.000165801441806453e-256
4.750000000000000333e-01 -4.995998935203270778e-245
4.875000000000000444e-01 -1.235421758547903160e-233
5.000000000000000000e-01 -3.017238955716199127e-222
5.125000000000000666e-01 -7.253767369477413144e-211
5.250000000000000222e-01 -1.708291408623325791e-199
5.374999999999999778e-01 -3.911299789730807380e-188
5.500000000000000444e-01 -8.597079243497850528e-177
5.625000000000000000e-01 -1.771478937950282810e-165
5.750000000000000666e-01 -3.244573787563859291e-154
5.875000000000000222e-01 -4.455797610137272720e-143
6.000000000000000888e-01 -7.133556480931225032e-142
6.125000000000000444e-01 -1.837504215835986516e-130
6.250000000000000000e-01 -4.712082072827092892e-119
6.375000000000000666e-01 -1.202204129811344613e-107
6.500000000000000222e-01 -3.049043544223482507e-96
6.625000000000000888e-01 -7.679345697027009304e-85
6.750000000000000444e-01 -1.918130765510377509e-73
6.875000000000000000e-01 -4.743161688072680111e-62
7.000000000000000666e-01 -1.158406234580560134e-50
7.125000000000000222e-01 -2.784921442341653113e-39
7.250000000000000888e-01 -6.558616770081849987e-28
7.375000000000000444e-01 1.220605996133006267e-16
7.500000000000000000e-01 5.019392186175918763e-14
7.625000000000000666e-01 1.306755999680528156e-11
7.750000000000000222e-01 1.513486465370813056e-09
7.875000000000000888e-01 7.299487997353450945e-08
8.000000000000000444e-01 9.941596147748536492e-07
8.125000000000000000e-01 4.170668183583958272e-05
8.250000000000000666e-01 9.435783919823918960e-04
8.375000000000000222e-01 1.194263183901207552e-02
8.500000000000000888e-01 8.820286897392279335e-02
8.625000000000000444e-01 4.001126283123599414e-01
8.750000000000000000e-01 1.187038844429363138e+00
8.875000000000000666e-01 2.476133585972078333e+00
9.000000000000000222e-01 3.913209169522924302e+00
9.125000000000000888e-01 5.027273327493368527e+00
9.250000000000000444e-01 5.617354538636347705e+00
9.375000000000000000e-01 5.813638515299922815e+00
9.500000000000000666e-01 5.835031434551086527e+00
9.625000000000000222e-01 5.806960804714512037e+00
9.750000000000000888e-01 5.768273319693401291e+00
9.875000000000000444e-01 5.726671829564630833e+00
1.000000000000000000e+00 5.682900501706227736e+00
1.012499999999999956e+00 5.620569803270082154e+00
1.025000000000000133e+00 5.470115300434975403e+00
1.037500000000000089e+00 5.074203470336753341e+00
1.050000000000000044e+00 4.265656152778815269e+00
1.062500000000000000e+00 3.085646346482672442e+00
1.074999999999999956e+00 1.844135086177156158e+00
1.087500000000000133e+00 8.821086215105300443e-01
1.100000000000000089e+00 3.281886190040474993e-01
1.112500000000000044e+00 9.260156507462649622e-02
1.125000000000000000e+00 1.944438155493894566e-02
1.137499999999999956e+00 3.006503720788986870e-03
1.150000000000000133e+00 3.412139394149822061e-04
1.162500000000000089e+00 2.847940537463431146e-05
1.175000000000000044e+00 1.758048502162898956e-06
1.187500000000000000e+00 8.087192693377370766e-08
1.200000000000000178e+00 2.802319568588699847e-09
1.212500000000000133e+00 2.396823471648864973e-10
1.225000000000000089e+00 9.793166836358082571e-12
1.237500000000000044e+00 2.618169070966676433e-13
1.250000000000000000e+00 4.760941164718279033e-15
1.262500000000000178e+00 -1.675739492438686953e-17
1.275000000000000133e+00 -7.318417564733196154e-29
1.287500000000000089e+00 -3.107247995814366990e-40
1.300000000000000044e+00 -1.292473332238075012e-51
1.312500000000000000e+00 -5.292084051616235605e-63
1.325000000000000178e+00 -2.139982180159128685e-74
1.337500000000000133e+00 -8.567370175505275998e-86
1.350000000000000089e+00 -3.401716422039640991e-97
1.362500000000000044e+00 -1.341196870472885099e-108
1.375000000000000000e+00 -5.256742019801763943e-120
1.387500000000000178e+00 -2.049966166729637953e-131
1.400000000000000133e+00 -1.639841825476786150e-135
1.412500000000000089e+00 -4.983159641038981248e-144
1.425000000000000044e+00 -3.623230525855363894e-155
1.437500000000000000e+00 -1.977254997406165237e-166
1.450000000000000178e+00 -9.595360754566628131e-178
1.462500000000000133e+00 -4.364905410670132127e-189
1.475000000000000089e+00 -1.906132294018862501e-200
1.487500000000000044e+00 -8.093819784048596153e-212
1.500000000000000000e+00 -3.366586830583005833e-223
1.512500000000000178e+00 -1.378359523666943597e-234
1.525000000000000133e+00 -5.573979679778035716e-246
1.537500000000000089e+00 -2.231598330761914125e-257
1.550000000000000044e+00 -8.860002389570391436e-269
1.562500000000000000e+00 -3.493299397408050151e-280
1.575000000000000178e+00 -1.369256821121210413e-291
1.587500000000000133e+00 -5.339276204156327644e-303
1.600000000000000089e+00 -4.271079483869774131e-307
1.612500000000000044e+00 -1.297897724493917801e-315
1.625000000000000000e+00 0.000000000000000000e+00
1.637500000000000178e+00 0.000000000000000000e+00
1.650000000000000133e+00 0.000000000000000000e+00
1.662500000000000089e+00 0.000000000000000000e+00
1.675000000000000044e+00 0.000000000000000000e+00
1.687500000000000000e+00 0.000000000000000000e+00
1.700000000000000178e+00 0.000000000000000000e+00
1.712500000000000133e+00 0.000000000000000000e+00
1.725000000000000089e+00 0.000000000000000000e+00
1.737500000000000044e+00 0.000000000000000000e+00
1.750000000000000000e+00 0.000000000000000000e+00
1.762500000000000178e+00 0.000000000000000000e+00
1.775000000000000133e+00 0.000000000000000000e+00
1.787500000000000089e+00 0.000000000000000000e+00
1.800000000000000044e+00 0.000000000000000000e+00
1.812500000000000000e+00 0.000000000000000000e+00
1.825000000000000178e+00 0.000000000000000000e+00
1.837500000000000133e+00 0.000000000000000000e+00
1.850000000000000089e+00 0.000000000000000000e+00
1.862500000000000044e+00 0.000000000000000000e+00
1.875000000000000000e+00 0.000000000000000000e+00
1.887500000000000178e+00 0.000000000000000000e+00
1.900000000000000133e+00 0.000000000000000000e+00
1.912500000000000089e+00 0.000000000000000000e+00
1.925000000000000044e+00 0.000000000000000000e+00
1.937500000000000000e+00 0.000000000000000000e+00
1.950000000000000178e+00 0.000000000000000000e+00
1.962500000000000133e+00 0.000000000000000000e+00
1.975000000000000089e+00 0.000000000000000000e+00
1.987500000000000044e+00 0.000000000000000000e+00
2.000000000000000000e+00 0.000000000000000000e+00
2.012500000000000178e+00 0.000000000000000000e+00
2.024999999999999911e+00 0.000000000000000000e+00
2.037500000000000089e+00 0.000000000000000000e+00
2.050000000000000266e+00 0.000000000000000000e+00
2.062500000000000000e+00 0.000000000000000000e+00
2.075000000000000178e+00 0.000000000000000000e+00
2.087499999999999911e+00 0.000000000000000000e+00
2.100000000000000089e+00 0.000000000000000000e+00
2.112500000000000266e+00 0.000000000000000000e+00
2.125000000000000000e+00 0.000000000000000000e+00
2.137500000000000178e+00 0.000000000000000000e+00
2.149999999999999911e+00 0.000000000000000000e+00
2.162500000000000089e+00 0.000000000000000000e+00
2.175000000000000266e+00 0.000000000000000000e+00
2.187500000000000000e+00 0.000000000000000000e+00
2.200000000000000178e+00 0.000000000000000000e+00
2.212499999999999911e+00 0.000000000000000000e+00
2.225000000000000089e+00 0.000000000000000000e+00
2.237500000000000266e+00 0.000000000000000000e+00
2.250000000000000000e+00 0.000000000000000000e+00
2.262500000000000178e+00 0.000000000000000000e+00
2.274999999999999911e+00 0.000000000000000000e+00
2.287500000000000089e+00 0.000000000000000000e+00
2.300000000000000266e+00 0.000000000000000000e+00
2.312500000000000000e+00 0.000000000000000000e+00
2.325000000000000178e+00 0.000000000000000000e+00
2.337499999999999911e+00 0.000000000000000000e+00
2.350000000000000089e+00 0.000000000000000000e+00
2.362500000000000266e+00 0.000000000000000000e+00
2.375000000000000000e+00 0.000000000000000000e+00
2.387500000000000178e+00 0.000000000000000000e+00
2.400000000000000355e+00 0.000000000000000000e+00
2.412500000000000089e+00 0.000000000000000000e+00
2.425000000000000266e+00 0.000000000000000000e+00
2.437500000000000000e+00 0.000000000000000000e+00
2.450000000000000178e+00 0.000000000000000000e+00
2.462500000000000355e+00 0.000000000000000000e+00
2.475000000000000089e+00 0.000000000000000000e+00
2.487500000000000266e+00 0.000000000000000000e+00
2.500000000000000000e+00 0.000000000000000000e+00
2.512500000000000178e+00 0.000000000000000000e+00
2.525000000000000355e+00 0.000000000000000000e+00
2.537500000000000089e+00 0.000000000000000000e+00
2.550000000000000266e+00 0.000000000000000000e+00
2.562500000000000000e+00 0.000000000000000000e+00
2.575000000000000178e+00 0.000000000000000000e+00
2.587500000000000355e+00 0.000000000000000000e+00
2.600000000000000089e+00 0.000000000000000000e+00
2.612500000000000266e+00 0.000000000000000000e+00
2.625000000000000000e+00 0.000000000000000000e+00
2.637500000000000178e+00 0.000000000000000000e+00
2.650000000000000355e+00 0.000000000000000000e+00
2.662500000000000089e+00 0.000000000000000000e+00
2.675000000000000266e+00 0.000000000000000000e+00
2.687500000000000000e+00 0.000000000000000000e+00
2.700000000000000178e+00 0.000000000000000000e+00
2.712500000000000355e+00 0.000000000000000000e+00
2.725000000000000089e+00 0.000000000000000000e+00
2.737500000000000266e+00 0.000000000000000000e+00
2.750000000000000000e+00 0.000000000000000000e+00
2.762500000000000178e+00 0.000000000000000000e+00
2.775000000000000355e+00 0.000000000000000000e+00
2.787500000000000089e+00 0.000000000000000000e+00
2.800000000000000266e+00 0.000000000000000000e+00
2.812500000000000000e+00 0.000000000000000000e+00
2.825000000000000178e+00 0.000000000000000000e+00
2.837500000000000355e+00 0.000000000000000000e+00
2.850000000000000089e+00 0.000000000000000000e+00
2.862500000000000266e+00 0.000000000000000000e+00
2.875000000000000000e+00 0.000000000000000000e+00
2.887500000000000178e+00 0.000000000000000000e+00
2.900000000000000355e+00 0.000000000000000000e+00
2.912500000000000089e+00 0.000000000000000000e+00
2.925000000000000266e+00 0.000000000000000000e+00
2.937500000000000000e+00 0.000000000000000000e+00
2.950000000000000178e+00 0.000000000000000000e+00
2.962500000000000355e+00 0.000000000000000000e+00
2.975000000000000089e+00 0.000000000000000000e+00
2.987500000000000266e+00 0.000000000000000000e+00
3.000000000000000000e+00 0.000000000000000000e+00
3.012500000000000178e+00 0.000000000000000000e+00
3.025000000000000355e+00 0.000000000000000000e+00
3.037500000000000089e+00 0.000000000000000000e+00
3.050000000000000266e+00 0.000000000000000000e+00
3.062500000000000000e+00 0.000000000000000000e+00
3.075000000000000178e+00 0.000000000000000000e+00
3.087500000000000355e+00 0.000000000000000000e+00
3.100000000000000089e+00 0.000000000000000000e+00
3.112500000000000266e+00 0.000000000000000000e+00
3.125000000000000000e+00 0.000000000000000000e+00
3.137500000000000178e+00 0.000000000000000000e+00
3.150000000000000355e+00 0.000000000000000000e+00
3.162500000000000089e+00 0.000000000000000000e+00
3.175000000000000266e+00 0.000000000000000000e+00
3.187500000000000000e+00 0.000000000000000000e+00
3.200000000000000178e+00 0.000000000000000000e+00
3.212500000000000355e+00 0.000000000000000000e+00
3.225000000000000089e+00 0.000000000000000000e+00
3.237500000000000266e+00 0.000000000000000000e+00
3.250000000000000000e+00 0.000000000000000000e+00
3.262500000000000178e+00 0.000000000000000000e+00
3.275000000000000355e+00 0.000000000000000000e+00
3.287500000000000089e+00 0.000000000000000000e+00
3.300000000000000266e+00 0.000000000000000000e+00
3.312500000000000000e+00 0.000000000000000000e+00
3.325000000000000178e+00 0.000000000000000000e+00
3.337500000000000355e+00 0.000000000000000000e+00
3.350000000000000089e+00 0.000000000000000000e+00
3.362500000000000266e+00 0.000000000000000000e+00
3.375000000000000000e+00 0.000000000000000000e+00
3.387500000000000178e+00 0.000000000000000000e+00
3.400000000000000355e+00 0.000000000000000000e+00
3.412500000000000089e+00 0.000000000000000000e+00
3.425000000000000266e+00 0.000000000000000000e+00
3.437500000000000000e+00 0.000000000000000000e+00
3.450000000000000178e+00 0.000000000000000000e+00
3.462500000000000355e+00 0.000000000000000000e+00
3.475000000000000089e+00 0.000000000000000000e+00
3.487500000000000266e+00 0.000000000000000000e+00
3.500000000000000000e+00 0.000000000000000000e+00
3.512500000000000178e+00 0.000000000000000000e+00
3.525000000000000355e+00 0.000000000000000000e+00
3.537500000000000089e+00 0.000000000000000000e+00
3.550000000000000266e+00 0.000000000000000000e+00
3.562500000000000000e+00 0.000000000000000000e+00
3.575000000000000178e+00 0.000000000000000000e+00
3.587500000000000355e+00 0.000000000000000000e+00
3.600000000000000089e+00 0.000000000000000000e+00
3.612500000000000266e+00 0.000000000000000000e+00
3.625000000000000000e+00 0.000000000000000000e+00
3.637500000000000178e+00 0.000000000000000000e+00
3.650000000000000355e+00 0.000000000000000000e+00
3.662500000000000089e+00 0.000000000000000000e+00
3.675000000000000266e+00 0.000000000000000000e+00
3.687500000000000000e+00 0.000000000000000000e+00
3.700000000000000178e+00 0.000000000000000000e+00
3.712500000000000355e+00 0.000000000000000000e+00
3.725000000000000089e+00 0.000000000000000000e+00
3.737500000000000266e+00 0.000000000000000000e+00
3.750000000000000000e+00 0.000000000000000000e+00
3.762500000000000178e+00 0.000000000000000000e+00
3.775000000000000355e+00 0.000000000000000000e+00
3.787500000000000089e+00 0.000000000000000000e+00
3.800000000000000266e+00 0.000000000000000000e+00
3.812500000000000000e+00 0.000000000000000000e+00
3.825000000000000178e+00 0.000000000000000000e+00
3.837500000000000355e+00 0.000000000000000000e+00
3.850000000000000089e+00 0.000000000000000000e+00
3.862500000000000266e+00 0.000000000000000000e+00
3.875000000000000000e+00 0.000000000000000000e+00
3.887500000000000178e+00 0.000000000000000000e+00
3.900000000000000355e+00 0.000000000000000000e+00
3.912500000000000089e+00 0.000000000000000000e+00
3.925000000000000266e+00 0.000000000000000000e+00
3.937500000000000000e+00 0.000000000000000000e+00
3.950000000000000178e+00 0.000000000000000000e+00
3.962500000000000355e+00 0.000000000000000000e+00
3.975000000000000089e+00 0.000000000000000000e+00
3.987500000000000266e+00 0.000000000000000000e+00
