0.000000000000000000e+00 0.000000000000000000e+00
1.250000000000000069e-02 0.000000000000000000e+00
2.500000000000000139e-02 0.000000000000000000e+00
3.750000000000000555e-02 0.000000000000000000e+00
5.000000000000000278e-02 0.000000000000000000e+00
6.250000000000000000e-02 0.000000000000000000e+00
7.500000000000001110e-02 0.000000000000000000e+00
8.750000000000000833e-02 0.000000000000000000e+00
1.000000000000000056e-01 0.000000000000000000e+00
1.125000000000000028e-01 0.000000000000000000e+00
1.250000000000000000e-01 0.000000000000000000e+00
1.375000000000000111e-01 0.000000000000000000e+00
1.500000000000000222e-01 0.000000000000000000e+00
1.625000000000000056e-01 0.000000000000000000e+00
1.750000000000000167e-01 0.000000000000000000e+00
1.875000000000000000e-01 0.000000000000000000e+00
2.000000000000000111e-01 0.000000000000000000e+00
2.125000000000000222e-01 0.000000000000000000e+00
2.250000000000000056e-01 0.000000000000000000e+00
2.375000000000000167e-01 0.000000000000000000e+00
2.500000000000000000e-01 0.000000000000000000e+00
2.625000000000000111e-01 0.000000000000000000e+00
2.750000000000000222e-01 0.000000000000000000e+00
2.875000000000000333e-01 0.000000000000000000e+00
3.000000000000000444e-01 0.000000000000000000e+00
3.125000000000000000e-01 0.000000000000000000e+00
3.250000000000000111e-01 0.000000000000000000e+00
3.375000000000000222e-01 0.000000000000000000e+00
3.500000000000000333e-01 0.000000000000000000e+00
3.625000000000000444e-01 0.000000000000000000e+00
3.750000000000000000e-01 0.000000000000000000e+00
3.875000000000000111e-01 0.000000000000000000e+00
4.000000000000000222e-01 0.000000000000000000e+00
4.125000000000000333e-01 0.000000000000000000e+00
4.250000000000000444e-01 0.000000000000000000e+00
4.375000000000000000e-01 0.000000000000000000e+00
4.500000000000000111e-01 0.000000000000000000e+00
4.625000000000000222e-01 0.000000000000000000e+00
4.750000000000000333e-01 0.000000000000000000e+00
4.875000000000000444e-01 0.000000000000000000e+00
5.000000000000000000e-01 0.000000000000000000e+00
5.125000000000000666e-01 0.000000000000000000e+00
5.250000000000000222e-01 0.000000000000000000e+00
5.374999999999999778e-01 0.000000000000000000e+00
5.500000000000000444e-01 0.000000000000000000e+00
5.625000000000000000e-01 0.000000000000000000e+00
5.750000000000000666e-01 0.000000000000000000e+00
5.875000000000000222e-01 0.000000000000000000e+00
6.000000000000000888e-01 0.000000000000000000e+00
6.125000000000000444e-01 0.000000000000000000e+00
6.250000000000000000e-01 0.000000000000000000e+00
6.375000000000000666e-01 0.000000000000000000e+00
6.500000000000000222e-01 0.000000000000000000e+00
6.625000000000000888e-01 0.000000000000000000e+00
6.750000000000000444e-01 0.000000000000000000e+00
6.875000000000000000e-01 0.000000000000000000e+00
7.000000000000000666e-01 0.000000000000000000e+00
7.125000000000000222e-01 0.000000000000000000e+00
7.250000000000000888e-01 0.000000000000000000e+00
7.375000000000000444e-01 0.000000000000000000e+00
7.500000000000000000e-01 0.000000000000000000e+00
7.625000000000000666e-01 0.000000000000000000e+00
7.750000000000000222e-01 2.964393875047479265e-323
7.875000000000000888e-01 7.516848042279414647e-312
8.000000000000000444e-01 2.060288999999999898e-300
8.125000000000000000e-01 5.660816999999999564e-289
8.250000000000000666e-01 1.559152607383935601e-277
8.375000000000000222e-01 4.273473999999999725e-266
8.500000000000000888e-01 1.177038386150564177e-254
8.625000000000000444e-01 3.226138000000000247e-243
8.750000000000000000e-01 8.864084000000000525e-232
8.875000000000000666e-01 2.441425414649301455e-220
9.000000000000000222e-01 6.691690000000000502e-209
9.125000000000000888e-01 1.843084812699139471e-197
9.250000000000000444e-01 5.051702000000000387e-186
9.375000000000000000e-01 1.387997000000000003e-174
9.500000000000000666e-01 3.822945591053325966e-163
9.625000000000000222e-01 1.047829000000000007e-151
9.750000000000000888e-01 2.886024749759722464e-140
9.875000000000000444e-01 7.910290999999999839e-129
1.000000000000000000e+00 2.173418999999999955e-117
1.012499999999999956e+00 5.971649999999999931e-106
1.025000000000000133e+00 1.648769044005662499e-94
1.037500000000000089e+00 4.508128000000000192e-83
1.050000000000000044e+00 1.238646000000000030e-71
1.062500000000000000e+00 3.403284000000000183e-60
1.074999999999999956e+00 9.350807000000000178e-49
1.087500000000000133e+00 2.581752528526598942e-37
1.100000000000000089e+00 7.059126999999999832e-26
1.112500000000000044e+00 4.052753000000000086e-16
1.125000000000000000e+00 6.140623999999999574e-14
1.137499999999999956e+00 6.584029999999999765e-12
1.150000000000000133e+00 4.560101000003601243e-10
1.162500000000000089e+00 2.072972000000000108e-08
1.175000000000000044e+00 6.279642000000000083e-07
1.187500000000000000e+00 1.287664000000000077e-05
1.200000000000000178e+00 1.817735000000285589e-04
1.212500000000000133e+00 1.790654000000189549e-03
1.225000000000000089e+00 1.245444000000000065e-02
1.237500000000000044e+00 6.252868999999999788e-02
1.250000000000000000e+00 2.303860000000000074e-01
1.262500000000000178e+00 6.368866000000127370e-01
1.275000000000000133e+00 1.356213000000016544e+00
1.287500000000000089e+00 2.291065000000000129e+00
1.300000000000000044e+00 3.196171999999999791e+00
1.312500000000000000e+00 3.846314000000000011e+00
1.325000000000000178e+00 4.197892000000003065e+00
1.337500000000000133e+00 4.330925000000000580e+00
1.350000000000000089e+00 4.362060999999999744e+00
1.362500000000000044e+00 4.355226000000000042e+00
1.375000000000000000e+00 4.333889000000000102e+00
1.387500000000000178e+00 4.312751999999999697e+00
1.400000000000000133e+00 4.304921000000000220e+00
1.412500000000000089e+00 4.297028000000000070e+00
1.425000000000000044e+00 4.275275999999999854e+00
1.437500000000000000e+00 4.253916000000000253e+00
1.450000000000000178e+00 4.222172999999998844e+00
1.462500000000000133e+00 4.168207999999997249e+00
1.475000000000000089e+00 4.039527999999999786e+00
1.487500000000000044e+00 3.755415999999999865e+00
1.500000000000000000e+00 3.242850999999999928e+00
1.512500000000000178e+00 2.509926999999985142e+00
1.525000000000000133e+00 1.692604999999987037e+00
1.537500000000000089e+00 9.714726000000000194e-01
1.550000000000000044e+00 4.671337999999999879e-01
1.562500000000000000e+00 1.869329999999999881e-01
1.575000000000000178e+00 6.186469999999920366e-02
1.587500000000000133e+00 1.692021999999976725e-02
1.600000000000000089e+00 3.846051000000000070e-03
1.612500000000000044e+00 7.247818999999999529e-04
1.625000000000000000e+00 1.131557999999999983e-04
1.637500000000000178e+00 1.475220999999976605e-05
1.650000000000000133e+00 1.611587999999973998e-06
1.662500000000000089e+00 1.479726000000000025e-07
1.675000000000000044e+00 1.147936000000000036e-08
1.687500000000000000e+00 7.556568999999999985e-10
1.700000000000000178e+00 4.239117999999928058e-11
1.712500000000000133e+00 2.035266999999965220e-12
1.725000000000000089e+00 8.394919000000000521e-14
1.737500000000000044e+00 3.093137000000000153e-15
1.750000000000000000e+00 -2.130438000000000028e-19
1.762500000000000178e+00 -7.753858999999862408e-31
1.775000000000000133e+00 -2.822064999999950096e-42
1.787500000000000089e+00 -1.027108000000000001e-53
1.800000000000000044e+00 -3.738222000000000087e-65
1.812500000000000000e+00 -1.360549000000000020e-76
1.825000000000000178e+00 -4.951800999999911567e-88
1.837500000000000133e+00 -1.802237999999967884e-99
1.850000000000000089e+00 -6.559356999999999930e-111
1.862500000000000044e+00 -2.387317999999999997e-122
1.875000000000000000e+00 -8.688791000000000484e-134
1.887500000000000178e+00 -3.162338999999943918e-145
1.900000000000000133e+00 -1.150952999999979546e-156
1.912500000000000089e+00 -4.188963000000000177e-168
1.925000000000000044e+00 -1.524599000000000009e-179
1.937500000000000000e+00 -5.548870999999999960e-191
1.950000000000000178e+00 -2.019545999999964231e-202
1.962500000000000133e+00 -7.350259999999870006e-214
1.975000000000000089e+00 -2.675172000000000072e-225
1.987500000000000044e+00 -9.736454000000000308e-237
2.000000000000000000e+00 -3.543642000000000075e-248
2.012500000000000178e+00 -1.289730000000000046e-259
2.024999999999999911e+00 -4.694053000000000176e-271
2.037500000000000089e+00 -1.708428999999999989e-282
2.050000000000000266e+00 -6.217932999999779140e-294
2.062500000000000000e+00 -2.263055000000000011e-305
2.075000000000000178e+00 -8.236526880305170473e-317
2.087499999999999911e+00 0.000000000000000000e+00
2.100000000000000089e+00 0.000000000000000000e+00
2.112500000000000266e+00 0.000000000000000000e+00
2.125000000000000000e+00 0.000000000000000000e+00
2.137500000000000178e+00 0.000000000000000000e+00
2.149999999999999911e+00 0.000000000000000000e+00
2.162500000000000089e+00 0.000000000000000000e+00
2.175000000000000266e+00 0.000000000000000000e+00
2.187500000000000000e+00 0.000000000000000000e+00
2.200000000000000178e+00 0.000000000000000000e+00
2.212499999999999911e+00 0.000000000000000000e+00
2.225000000000000089e+00 0.000000000000000000e+00
2.237500000000000266e+00 0.000000000000000000e+00
2.250000000000000000e+00 0.000000000000000000e+00
2.262500000000000178e+00 0.000000000000000000e+00
2.274999999999999911e+00 0.000000000000000000e+00
2.287500000000000089e+00 0.000000000000000000e+00
2.300000000000000266e+00 0.000000000000000000e+00
2.312500000000000000e+00 0.000000000000000000e+00
2.325000000000000178e+00 0.000000000000000000e+00
2.337499999999999911e+00 0.000000000000000000e+00
2.350000000000000089e+00 0.000000000000000000e+00
2.362500000000000266e+00 0.000000000000000000e+00
2.375000000000000000e+00 0.000000000000000000e+00
2.387500000000000178e+00 0.000000000000000000e+00
2.400000000000000355e+00 0.000000000000000000e+00
2.412500000000000089e+00 0.000000000000000000e+00
2.425000000000000266e+00 0.000000000000000000e+00
2.437500000000000000e+00 0.000000000000000000e+00
2.450000000000000178e+00 0.000000000000000000e+00
2.462500000000000355e+00 0.000000000000000000e+00
2.475000000000000089e+00 0.000000000000000000e+00
2.487500000000000266e+00 0.000000000000000000e+00
2.500000000000000000e+00 0.000000000000000000e+00
2.512500000000000178e+00 0.000000000000000000e+00
2.525000000000000355e+00 0.000000000000000000e+00
2.537500000000000089e+00 0.000000000000000000e+00
2.550000000000000266e+00 0.000000000000000000e+00
2.562500000000000000e+00 0.000000000000000000e+00
2.575000000000000178e+00 0.000000000000000000e+00
2.587500000000000355e+00 0.000000000000000000e+00
2.600000000000000089e+00 0.000000000000000000e+00
2.612500000000000266e+00 0.000000000000000000e+00
2.625000000000000000e+00 0.000000000000000000e+00
2.637500000000000178e+00 0.000000000000000000e+00
2.650000000000000355e+00 0.000000000000000000e+00
2.662500000000000089e+00 0.000000000000000000e+00
2.675000000000000266e+00 0.000000000000000000e+00
2.687500000000000000e+00 0.000000000000000000e+00
2.700000000000000178e+00 0.000000000000000000e+00
2.712500000000000355e+00 0.000000000000000000e+00
2.725000000000000089e+00 0.000000000000000000e+00
2.737500000000000266e+00 0.000000000000000000e+00
2.750000000000000000e+00 0.000000000000000000e+00
2.762500000000000178e+00 0.000000000000000000e+00
2.775000000000000355e+00 0.000000000000000000e+00
2.787500000000000089e+00 0.000000000000000000e+00
2.800000000000000266e+00 0.000000000000000000e+00
2.812500000000000000e+00 0.000000000000000000e+00
2.825000000000000178e+00 0.000000000000000000e+00
2.837500000000000355e+00 0.000000000000000000e+00
2.850000000000000089e+00 0.000000000000000000e+00
2.862500000000000266e+00 0.000000000000000000e+00
2.875000000000000000e+00 0.000000000000000000e+00
2.887500000000000178e+00 0.000000000000000000e+00
2.900000000000000355e+00 0.000000000000000000e+00
2.912500000000000089e+00 0.000000000000000000e+00
2.925000000000000266e+00 0.000000000000000000e+00
2.937500000000000000e+00 0.000000000000000000e+00
2.950000000000000178e+00 0.000000000000000000e+00
2.962500000000000355e+00 0.000000000000000000e+00
2.975000000000000089e+00 0.000000000000000000e+00
2.987500000000000266e+00 0.000000000000000000e+00
3.000000000000000000e+00 0.000000000000000000e+00
3.012500000000000178e+00 0.000000000000000000e+00
3.025000000000000355e+00 0.000000000000000000e+00
3.037500000000000089e+00 0.000000000000000000e+00
3.050000000000000266e+00 0.000000000000000000e+00
3.062500000000000000e+00 0.000000000000000000e+00
3.075000000000000178e+00 0.000000000000000000e+00
3.087500000000000355e+00 0.000000000000000000e+00
3.100000000000000089e+00 0.000000000000000000e+00
3.112500000000000266e+00 0.000000000000000000e+00
3.125000000000000000e+00 0.000000000000000000e+00
3.137500000000000178e+00 0.000000000000000000e+00
3.150000000000000355e+00 0.000000000000000000e+00
3.162500000000000089e+00 0.000000000000000000e+00
3.175000000000000266e+00 0.000000000000000000e+00
3.187500000000000000e+00 0.000000000000000000e+00
3.200000000000000178e+00 0.000000000000000000e+00
3.212500000000000355e+00 0.000000000000000000e+00
3.225000000000000089e+00 0.000000000000000000e+00
3.237500000000000266e+00 0.000000000000000000e+00
3.250000000000000000e+00 0.000000000000000000e+00
3.262500000000000178e+00 0.000000000000000000e+00
3.275000000000000355e+00 0.000000000000000000e+00
3.287500000000000089e+00 0.000000000000000000e+00
3.300000000000000266e+00 0.000000000000000000e+00
3.312500000000000000e+00 0.000000000000000000e+00
3.325000000000000178e+00 0.000000000000000000e+00
3.337500000000000355e+00 0.000000000000000000e+00
3.350000000000000089e+00 0.000000000000000000e+00
3.362500000000000266e+00 0.000000000000000000e+00
3.375000000000000000e+00 0.000000000000000000e+00
3.387500000000000178e+00 0.000000000000000000e+00
3.400000000000000355e+00 0.000000000000000000e+00
3.412500000000000089e+00 0.000000000000000000e+00
3.425000000000000266e+00 0.000000000000000000e+00
3.437500000000000000e+00 0.000000000000000000e+00
3.450000000000000178e+00 0.000000000000000000e+00
3.462500000000000355e+00 0.000000000000000000e+00
3.475000000000000089e+00 0.000000000000000000e+00
3.487500000000000266e+00 0.000000000000000000e+00
3.500000000000000000e+00 0.000000000000000000e+00
3.512500000000000178e+00 0.000000000000000000e+00
3.525000000000000355e+00 0.000000000000000000e+00
3.537500000000000089e+00 0.000000000000000000e+00
3.550000000000000266e+00 0.000000000000000000e+00
3.562500000000000000e+00 0.000000000000000000e+00
3.575000000000000178e+00 0.000000000000000000e+00
3.587500000000000355e+00 0.000000000000000000e+00
3.600000000000000089e+00 0.000000000000000000e+00
3.612500000000000266e+00 0.000000000000000000e+00
3.625000000000000000e+00 0.000000000000000000e+00
3.637500000000000178e+00 0.000000000000000000e+00
3.650000000000000355e+00 0.000000000000000000e+00
3.662500000000000089e+00 0.000000000000000000e+00
3.675000000000000266e+00 0.000000000000000000e+00
3.687500000000000000e+00 0.000000000000000000e+00
3.700000000000000178e+00 0.000000000000000000e+00
3.712500000000000355e+00 0.000000000000000000e+00
3.725000000000000089e+00 0.000000000000000000e+00
3.737500000000000266e+00 0.000000000000000000e+00
3.750000000000000000e+00 0.000000000000000000e+00
3.762500000000000178e+00 0.000000000000000000e+00
3.775000000000000355e+00 0.000000000000000000e+00
3.787500000000000089e+00 0.000000000000000000e+00
3.800000000000000266e+00 0.000000000000000000e+00
3.812500000000000000e+00 0.000000000000000000e+00
3.825000000000000178e+00 0.000000000000000000e+00
3.837500000000000355e+00 0.000000000000000000e+00
3.850000000000000089e+00 0.000000000000000000e+00
3.862500000000000266e+00 0.000000000000000000e+00
3.875000000000000000e+00 0.000000000000000000e+00
3.887500000000000178e+00 0.000000000000000000e+00
3.900000000000000355e+00 0.000000000000000000e+00
3.912500000000000089e+00 0.000000000000000000e+00
3.925000000000000266e+00 0.000000000000000000e+00
3.937500000000000000e+00 0.000000000000000000e+00
3.950000000000000178e+00 0.000000000000000000e+00
3.962500000000000355e+00 0.000000000000000000e+00
3.975000000000000089e+00 0.000000000000000000e+00
3.987500000000000266e+00 0.000000000000000000e+00
