0.000000000000000000e+00 0.000000000000000000e+00
1.250000000000000069e-02 -3.813122780938609151e-246
2.500000000000000139e-02 -9.778404689329223690e-235
3.750000000000000555e-02 -2.494789254200969848e-223
5.000000000000000278e-02 -6.327352608678418372e-212
6.250000000000000000e-02 -1.593616777690747929e-200
7.500000000000001110e-02 -3.980533298734072236e-189
8.750000000000000833e-02 -9.843141333234699398e-178
1.000000000000000056e-01 -2.403973136996417601e-166
1.125000000000000028e-01 -5.779449844251656879e-155
1.250000000000000000e-01 -1.361106180173708463e-143
1.375000000000000111e-01 -3.116450178524071425e-132
1.500000000000000222e-01 -6.850053112807599907e-121
1.625000000000000056e-01 -1.411571664256442686e-109
1.750000000000000167e-01 -2.585471641370005666e-98
1.875000000000000000e-01 -3.551660757390173064e-87
2.000000000000000111e-01 -5.683509746501277348e-86
2.125000000000000222e-01 -1.463994298261102423e-74
2.250000000000000056e-01 -3.754262970324601323e-63
2.375000000000000167e-01 -9.578355763922471652e-52
2.500000000000000000e-01 -2.429296736459790707e-40
2.625000000000000111e-01 -6.118436973437772819e-29
2.750000000000000222e-01 -1.528261653239978492e-17
2.875000000000000333e-01 2.898470598862704116e-13
3.000000000000000444e-01 5.183887384699302898e-10
3.125000000000000000e-01 2.510102325356090190e-07
3.250000000000000111e-01 3.572492298542745241e-05
3.375000000000000222e-01 1.638858469872656607e-03
3.500000000000000333e-01 2.757866123665581384e-02
3.625000000000000444e-01 2.094834658510669745e-01
3.750000000000000000e-01 9.079058459507718393e-01
3.875000000000000111e-01 2.443747672691685580e+00
4.000000000000000222e-01 4.144778175267944675e+00
4.125000000000000333e-01 5.004344698156510063e+00
4.250000000000000444e-01 5.296845196590491689e+00
4.375000000000000000e-01 5.416852034334827870e+00
4.500000000000000111e-01 5.500031878522196216e+00
4.625000000000000222e-01 5.574623154491727739e+00
4.750000000000000333e-01 5.645209210000525779e+00
4.875000000000000444e-01 5.711398733884334611e+00
5.000000000000000000e-01 5.772488628099359254e+00
5.125000000000000666e-01 5.826356872649681939e+00
5.250000000000000222e-01 5.841395699386502827e+00
5.374999999999999778e-01 5.666452957789894107e+00
5.500000000000000444e-01 4.975716775556114690e+00
5.625000000000000000e-01 3.534598248813123789e+00
5.750000000000000666e-01 1.769377608974449512e+00
5.875000000000000222e-01 5.559643836537102590e-01
6.000000000000000888e-01 1.026725316740777494e-01
6.125000000000000444e-01 1.605245707776767339e-02
6.250000000000000000e-01 1.802043297154505563e-03
6.375000000000000666e-01 1.269653677505153035e-04
6.500000000000000222e-01 5.254424214798909614e-06
6.625000000000000888e-01 1.268441277010397033e-07
6.750000000000000444e-01 1.816409715509598687e-09
6.875000000000000000e-01 1.580296077206529929e-11
7.000000000000000666e-01 8.568974154576132696e-14
7.125000000000000222e-01 4.385053175432855917e-16
7.250000000000000888e-01 -2.152736132582505299e-27
7.375000000000000444e-01 -8.618461076858828951e-39
7.500000000000000000e-01 -3.421894605585675364e-50
7.625000000000000666e-01 -1.349196776817242446e-61
7.750000000000000222e-01 -5.288214028712793429e-73
7.875000000000000888e-01 -2.062142975903099283e-84
8.000000000000000444e-01 -1.154735481310933766e-88
8.125000000000000000e-01 -5.007290764000058415e-97
8.250000000000000666e-01 -3.643530488790294283e-108
8.375000000000000222e-01 -1.988824810768400504e-119
8.500000000000000888e-01 -9.650493834339786566e-131
8.625000000000000444e-01 -4.390306860400791955e-142
8.750000000000000000e-01 -1.917400316309907793e-153
8.875000000000000666e-01 -8.141447301326486373e-165
9.000000000000000222e-01 -3.386387426695885636e-176
9.125000000000000888e-01 -1.386543700245403934e-187
9.250000000000000444e-01 -5.607082320548007241e-199
9.375000000000000000e-01 -2.244786142510508868e-210
9.500000000000000666e-01 -8.912737742055097863e-222
9.625000000000000222e-01 -3.514133084610649935e-233
9.750000000000000888e-01 -1.377365114862629443e-244
9.875000000000000444e-01 -5.371081581506524755e-256
1.000000000000000000e+00 -4.296521751610488124e-260
1.012499999999999956e+00 -1.304212615386523434e-268
1.025000000000000133e+00 -9.492810166732096105e-280
1.037500000000000089e+00 -5.180767195761258658e-291
1.050000000000000044e+00 -2.513592945351024744e-302
1.062500000000000000e+00 -1.143598672879199545e-313
1.074999999999999956e+00 0.000000000000000000e+00
1.087500000000000133e+00 0.000000000000000000e+00
1.100000000000000089e+00 0.000000000000000000e+00
1.112500000000000044e+00 0.000000000000000000e+00
1.125000000000000000e+00 0.000000000000000000e+00
1.137499999999999956e+00 0.000000000000000000e+00
1.150000000000000133e+00 0.000000000000000000e+00
1.162500000000000089e+00 0.000000000000000000e+00
1.175000000000000044e+00 0.000000000000000000e+00
1.187500000000000000e+00 0.000000000000000000e+00
1.200000000000000178e+00 0.000000000000000000e+00
1.212500000000000133e+00 0.000000000000000000e+00
1.225000000000000089e+00 0.000000000000000000e+00
1.237500000000000044e+00 0.000000000000000000e+00
1.250000000000000000e+00 0.000000000000000000e+00
1.262500000000000178e+00 0.000000000000000000e+00
1.275000000000000133e+00 0.000000000000000000e+00
1.287500000000000089e+00 0.000000000000000000e+00
1.300000000000000044e+00 0.000000000000000000e+00
1.312500000000000000e+00 0.000000000000000000e+00
1.325000000000000178e+00 0.000000000000000000e+00
1.337500000000000133e+00 0.000000000000000000e+00
1.350000000000000089e+00 0.000000000000000000e+00
1.362500000000000044e+00 0.000000000000000000e+00
1.375000000000000000e+00 0.000000000000000000e+00
1.387500000000000178e+00 0.000000000000000000e+00
1.400000000000000133e+00 0.000000000000000000e+00
1.412500000000000089e+00 0.000000000000000000e+00
1.425000000000000044e+00 0.000000000000000000e+00
1.437500000000000000e+00 0.000000000000000000e+00
1.450000000000000178e+00 0.000000000000000000e+00
1.462500000000000133e+00 0.000000000000000000e+00
1.475000000000000089e+00 0.000000000000000000e+00
1.487500000000000044e+00 0.000000000000000000e+00
1.500000000000000000e+00 0.000000000000000000e+00
1.512500000000000178e+00 0.000000000000000000e+00
1.525000000000000133e+00 0.000000000000000000e+00
1.537500000000000089e+00 0.000000000000000000e+00
1.550000000000000044e+00 0.000000000000000000e+00
1.562500000000000000e+00 0.000000000000000000e+00
1.575000000000000178e+00 0.000000000000000000e+00
1.587500000000000133e+00 0.000000000000000000e+00
1.600000000000000089e+00 0.000000000000000000e+00
1.612500000000000044e+00 0.000000000000000000e+00
1.625000000000000000e+00 0.000000000000000000e+00
1.637500000000000178e+00 0.000000000000000000e+00
1.650000000000000133e+00 0.000000000000000000e+00
1.662500000000000089e+00 0.000000000000000000e+00
1.675000000000000044e+00 0.000000000000000000e+00
1.687500000000000000e+00 0.000000000000000000e+00
1.700000000000000178e+00 0.000000000000000000e+00
1.712500000000000133e+00 0.000000000000000000e+00
1.725000000000000089e+00 0.000000000000000000e+00
1.737500000000000044e+00 0.000000000000000000e+00
1.750000000000000000e+00 0.000000000000000000e+00
1.762500000000000178e+00 0.000000000000000000e+00
1.775000000000000133e+00 0.000000000000000000e+00
1.787500000000000089e+00 0.000000000000000000e+00
1.800000000000000044e+00 0.000000000000000000e+00
1.812500000000000000e+00 0.000000000000000000e+00
1.825000000000000178e+00 0.000000000000000000e+00
1.837500000000000133e+00 0.000000000000000000e+00
1.850000000000000089e+00 0.000000000000000000e+00
1.862500000000000044e+00 0.000000000000000000e+00
1.875000000000000000e+00 0.000000000000000000e+00
1.887500000000000178e+00 0.000000000000000000e+00
1.900000000000000133e+00 0.000000000000000000e+00
1.912500000000000089e+00 0.000000000000000000e+00
1.925000000000000044e+00 0.000000000000000000e+00
1.937500000000000000e+00 0.000000000000000000e+00
1.950000000000000178e+00 0.000000000000000000e+00
1.962500000000000133e+00 0.000000000000000000e+00
1.975000000000000089e+00 0.000000000000000000e+00
1.987500000000000044e+00 0.000000000000000000e+00
2.000000000000000000e+00 0.000000000000000000e+00
2.012500000000000178e+00 0.000000000000000000e+00
2.024999999999999911e+00 0.000000000000000000e+00
2.037500000000000089e+00 0.000000000000000000e+00
2.050000000000000266e+00 0.000000000000000000e+00
2.062500000000000000e+00 0.000000000000000000e+00
2.075000000000000178e+00 0.000000000000000000e+00
2.087499999999999911e+00 0.000000000000000000e+00
2.100000000000000089e+00 0.000000000000000000e+00
2.112500000000000266e+00 0.000000000000000000e+00
2.125000000000000000e+00 0.000000000000000000e+00
2.137500000000000178e+00 0.000000000000000000e+00
2.149999999999999911e+00 0.000000000000000000e+00
2.162500000000000089e+00 0.000000000000000000e+00
2.175000000000000266e+00 0.000000000000000000e+00
2.187500000000000000e+00 0.000000000000000000e+00
2.200000000000000178e+00 0.000000000000000000e+00
2.212499999999999911e+00 0.000000000000000000e+00
2.225000000000000089e+00 0.000000000000000000e+00
2.237500000000000266e+00 0.000000000000000000e+00
2.250000000000000000e+00 0.000000000000000000e+00
2.262500000000000178e+00 0.000000000000000000e+00
2.274999999999999911e+00 0.000000000000000000e+00
2.287500000000000089e+00 0.000000000000000000e+00
2.300000000000000266e+00 0.000000000000000000e+00
2.312500000000000000e+00 0.000000000000000000e+00
2.325000000000000178e+00 0.000000000000000000e+00
2.337499999999999911e+00 0.000000000000000000e+00
2.350000000000000089e+00 0.000000000000000000e+00
2.362500000000000266e+00 0.000000000000000000e+00
2.375000000000000000e+00 0.000000000000000000e+00
2.387500000000000178e+00 0.000000000000000000e+00
2.400000000000000355e+00 0.000000000000000000e+00
2.412500000000000089e+00 0.000000000000000000e+00
2.425000000000000266e+00 0.000000000000000000e+00
2.437500000000000000e+00 0.000000000000000000e+00
2.450000000000000178e+00 0.000000000000000000e+00
2.462500000000000355e+00 0.000000000000000000e+00
2.475000000000000089e+00 0.000000000000000000e+00
2.487500000000000266e+00 0.000000000000000000e+00
2.500000000000000000e+00 0.000000000000000000e+00
2.512500000000000178e+00 0.000000000000000000e+00
2.525000000000000355e+00 0.000000000000000000e+00
2.537500000000000089e+00 0.000000000000000000e+00
2.550000000000000266e+00 0.000000000000000000e+00
2.562500000000000000e+00 0.000000000000000000e+00
2.575000000000000178e+00 0.000000000000000000e+00
2.587500000000000355e+00 0.000000000000000000e+00
2.600000000000000089e+00 0.000000000000000000e+00
2.612500000000000266e+00 0.000000000000000000e+00
2.625000000000000000e+00 0.000000000000000000e+00
2.637500000000000178e+00 0.000000000000000000e+00
2.650000000000000355e+00 0.000000000000000000e+00
2.662500000000000089e+00 0.000000000000000000e+00
2.675000000000000266e+00 0.000000000000000000e+00
2.687500000000000000e+00 0.000000000000000000e+00
2.700000000000000178e+00 0.000000000000000000e+00
2.712500000000000355e+00 0.000000000000000000e+00
2.725000000000000089e+00 0.000000000000000000e+00
2.737500000000000266e+00 0.000000000000000000e+00
2.750000000000000000e+00 0.000000000000000000e+00
2.762500000000000178e+00 0.000000000000000000e+00
2.775000000000000355e+00 0.000000000000000000e+00
2.787500000000000089e+00 0.000000000000000000e+00
2.800000000000000266e+00 0.000000000000000000e+00
2.812500000000000000e+00 0.000000000000000000e+00
2.825000000000000178e+00 0.000000000000000000e+00
2.837500000000000355e+00 0.000000000000000000e+00
2.850000000000000089e+00 0.000000000000000000e+00
2.862500000000000266e+00 0.000000000000000000e+00
2.875000000000000000e+00 0.000000000000000000e+00
2.887500000000000178e+00 0.000000000000000000e+00
2.900000000000000355e+00 0.000000000000000000e+00
2.912500000000000089e+00 0.000000000000000000e+00
2.925000000000000266e+00 0.000000000000000000e+00
2.937500000000000000e+00 0.000000000000000000e+00
2.950000000000000178e+00 0.000000000000000000e+00
2.962500000000000355e+00 0.000000000000000000e+00
2.975000000000000089e+00 0.000000000000000000e+00
2.987500000000000266e+00 0.000000000000000000e+00
3.000000000000000000e+00 0.000000000000000000e+00
3.012500000000000178e+00 0.000000000000000000e+00
3.025000000000000355e+00 0.000000000000000000e+00
3.037500000000000089e+00 0.000000000000000000e+00
3.050000000000000266e+00 0.000000000000000000e+00
3.062500000000000000e+00 0.000000000000000000e+00
3.075000000000000178e+00 0.000000000000000000e+00
3.087500000000000355e+00 0.000000000000000000e+00
3.100000000000000089e+00 0.000000000000000000e+00
3.112500000000000266e+00 0.000000000000000000e+00
3.125000000000000000e+00 0.000000000000000000e+00
3.137500000000000178e+00 0.000000000000000000e+00
3.150000000000000355e+00 0.000000000000000000e+00
3.162500000000000089e+00 0.000000000000000000e+00
3.175000000000000266e+00 0.000000000000000000e+00
3.187500000000000000e+00 0.000000000000000000e+00
3.200000000000000178e+00 0.000000000000000000e+00
3.212500000000000355e+00 0.000000000000000000e+00
3.225000000000000089e+00 0.000000000000000000e+00
3.237500000000000266e+00 0.000000000000000000e+00
3.250000000000000000e+00 0.000000000000000000e+00
3.262500000000000178e+00 0.000000000000000000e+00
3.275000000000000355e+00 0.000000000000000000e+00
3.287500000000000089e+00 0.000000000000000000e+00
3.300000000000000266e+00 0.000000000000000000e+00
3.312500000000000000e+00 0.000000000000000000e+00
3.325000000000000178e+00 0.000000000000000000e+00
3.337500000000000355e+00 0.000000000000000000e+00
3.350000000000000089e+00 0.000000000000000000e+00
3.362500000000000266e+00 0.000000000000000000e+00
3.375000000000000000e+00 0.000000000000000000e+00
3.387500000000000178e+00 0.000000000000000000e+00
3.400000000000000355e+00 0.000000000000000000e+00
3.412500000000000089e+00 0.000000000000000000e+00
3.425000000000000266e+00 0.000000000000000000e+00
3.437500000000000000e+00 0.000000000000000000e+00
3.450000000000000178e+00 0.000000000000000000e+00
3.462500000000000355e+00 0.000000000000000000e+00
3.475000000000000089e+00 0.000000000000000000e+00
3.487500000000000266e+00 0.000000000000000000e+00
3.500000000000000000e+00 0.000000000000000000e+00
3.512500000000000178e+00 0.000000000000000000e+00
3.525000000000000355e+00 0.000000000000000000e+00
3.537500000000000089e+00 0.000000000000000000e+00
3.550000000000000266e+00 0.000000000000000000e+00
3.562500000000000000e+00 0.000000000000000000e+00
3.575000000000000178e+00 0.000000000000000000e+00
3.587500000000000355e+00 0.000000000000000000e+00
3.600000000000000089e+00 0.000000000000000000e+00
3.612500000000000266e+00 0.000000000000000000e+00
3.625000000000000000e+00 0.000000000000000000e+00
3.637500000000000178e+00 0.000000000000000000e+00
3.650000000000000355e+00 0.000000000000000000e+00
3.662500000000000089e+00 0.000000000000000000e+00
3.675000000000000266e+00 0.000000000000000000e+00
3.687500000000000000e+00 0.000000000000000000e+00
3.700000000000000178e+00 0.000000000000000000e+00
3.712500000000000355e+00 0.000000000000000000e+00
3.725000000000000089e+00 0.000000000000000000e+00
3.737500000000000266e+00 0.000000000000000000e+00
3.750000000000000000e+00 0.000000000000000000e+00
3.762500000000000178e+00 0.000000000000000000e+00
3.775000000000000355e+00 0.000000000000000000e+00
3.787500000000000089e+00 0.000000000000000000e+00
3.800000000000000266e+00 0.000000000000000000e+00
3.812500000000000000e+00 0.000000000000000000e+00
3.825000000000000178e+00 0.000000000000000000e+00
3.837500000000000355e+00 0.000000000000000000e+00
3.850000000000000089e+00 0.000000000000000000e+00
3.862500000000000266e+00 0.000000000000000000e+00
3.875000000000000000e+00 0.000000000000000000e+00
3.887500000000000178e+00 0.000000000000000000e+00
3.900000000000000355e+00 0.000000000000000000e+00
3.912500000000000089e+00 0.000000000000000000e+00
3.925000000000000266e+00 0.000000000000000000e+00
3.937500000000000000e+00 0.000000000000000000e+00
3.950000000000000178e+00 0.000000000000000000e+00
3.962500000000000355e+00 0.000000000000000000e+00
3.975000000000000089e+00 0.000000000000000000e+00
3.987500000000000266e+00 0.000000000000000000e+00
