0.000000000000000000e+00 0.000000000000000000e+00
1.250000000000000069e-02 0.000000000000000000e+00
2.500000000000000139e-02 0.000000000000000000e+00
3.750000000000000555e-02 0.000000000000000000e+00
5.000000000000000278e-02 0.000000000000000000e+00
6.250000000000000000e-02 0.000000000000000000e+00
7.500000000000001110e-02 0.000000000000000000e+00
8.750000000000000833e-02 0.000000000000000000e+00
1.000000000000000056e-01 0.000000000000000000e+00
1.125000000000000028e-01 0.000000000000000000e+00
1.250000000000000000e-01 0.000000000000000000e+00
1.375000000000000111e-01 0.000000000000000000e+00
1.500000000000000222e-01 0.000000000000000000e+00
1.625000000000000056e-01 0.000000000000000000e+00
1.750000000000000167e-01 0.000000000000000000e+00
1.875000000000000000e-01 0.000000000000000000e+00
2.000000000000000111e-01 0.000000000000000000e+00
2.125000000000000222e-01 0.000000000000000000e+00
2.250000000000000056e-01 0.000000000000000000e+00
2.375000000000000167e-01 0.000000000000000000e+00
2.500000000000000000e-01 0.000000000000000000e+00
2.625000000000000111e-01 0.000000000000000000e+00
2.750000000000000222e-01 0.000000000000000000e+00
2.875000000000000333e-01 0.000000000000000000e+00
3.000000000000000444e-01 0.000000000000000000e+00
3.125000000000000000e-01 0.000000000000000000e+00
3.250000000000000111e-01 0.000000000000000000e+00
3.375000000000000222e-01 0.000000000000000000e+00
3.500000000000000333e-01 0.000000000000000000e+00
3.625000000000000444e-01 0.000000000000000000e+00
3.750000000000000000e-01 0.000000000000000000e+00
3.875000000000000111e-01 0.000000000000000000e+00
4.000000000000000222e-01 0.000000000000000000e+00
4.125000000000000333e-01 0.000000000000000000e+00
4.250000000000000444e-01 0.000000000000000000e+00
4.375000000000000000e-01 0.000000000000000000e+00
4.500000000000000111e-01 0.000000000000000000e+00
4.625000000000000222e-01 0.000000000000000000e+00
4.750000000000000333e-01 0.000000000000000000e+00
4.875000000000000444e-01 0.000000000000000000e+00
5.000000000000000000e-01 0.000000000000000000e+00
5.125000000000000666e-01 0.000000000000000000e+00
5.250000000000000222e-01 0.000000000000000000e+00
5.374999999999999778e-01 0.000000000000000000e+00
5.500000000000000444e-01 1.161824633162353947e-314
5.625000000000000000e-01 2.394008963685165337e-303
5.750000000000000666e-01 4.384774989236947920e-292
5.875000000000000222e-01 6.021644368639651573e-281
6.000000000000000888e-01 9.640415469958707180e-280
6.125000000000000444e-01 2.483235624939665903e-268
6.250000000000000000e-01 6.367990553965549177e-257
6.375000000000000666e-01 1.624680323702188416e-245
6.500000000000000222e-01 4.120531359448207897e-234
6.625000000000000888e-01 1.037800123279533339e-222
6.750000000000000444e-01 2.592195502068172299e-211
6.875000000000000000e-01 6.409995060655843437e-200
7.000000000000000666e-01 1.565491093830251456e-188
7.125000000000000222e-01 3.763592184570593160e-177
7.250000000000000888e-01 8.863429672078134946e-166
7.375000000000000444e-01 2.029370069915925273e-154
7.500000000000000000e-01 4.460483500457424447e-143
7.625000000000000666e-01 9.191137006010160180e-132
7.750000000000000222e-01 1.683304368803884587e-120
7.875000000000000888e-01 2.311659610503606472e-109
8.000000000000000444e-01 3.701292672904146069e-108
8.125000000000000000e-01 9.534005527141132271e-97
8.250000000000000666e-01 2.444889433904106080e-85
8.375000000000000222e-01 6.237696135170565015e-74
8.500000000000000888e-01 1.582020456145568367e-62
8.625000000000000444e-01 3.984465025881484212e-51
8.750000000000000000e-01 9.952330250897401059e-40
8.875000000000000666e-01 2.461006540941785930e-28
9.000000000000000222e-01 8.054663746131253440e-17
9.125000000000000888e-01 3.684137305046939234e-14
9.250000000000000444e-01 7.472912730760432340e-12
9.375000000000000000e-01 8.081406213475113744e-10
9.500000000000000666e-01 4.768331522500905683e-08
9.625000000000000222e-01 1.569238650664146849e-06
9.750000000000000888e-01 2.970276036513703525e-05
9.875000000000000444e-01 3.428865088761429755e-04
1.000000000000000000e+00 2.718680936445810013e-03
1.012499999999999956e+00 2.344900481392035024e-02
1.025000000000000133e+00 1.297072165021768142e-01
1.037500000000000089e+00 4.786867272931866757e-01
1.050000000000000044e+00 1.235908336803424490e+00
1.062500000000000000e+00 2.360638350382484596e+00
1.074999999999999956e+00 3.546213304282605172e+00
1.087500000000000133e+00 4.454211229205736977e+00
1.100000000000000089e+00 4.957738487175642916e+00
1.112500000000000044e+00 5.146322703667591369e+00
1.125000000000000000e+00 5.174204903247581200e+00
1.137499999999999956e+00 5.145972809959502570e+00
1.150000000000000133e+00 5.104115411985299389e+00
1.162500000000000089e+00 5.059912715067876654e+00
1.175000000000000044e+00 5.015267846857657474e+00
1.187500000000000000e+00 4.969467201605040074e+00
1.200000000000000178e+00 4.917547153603839760e+00
1.212500000000000133e+00 4.830952762844069603e+00
1.225000000000000089e+00 4.634498805759712070e+00
1.237500000000000044e+00 4.200418154353855016e+00
1.250000000000000000e+00 3.450581947873692990e+00
1.262500000000000178e+00 2.472242735113222789e+00
1.275000000000000133e+00 1.499191118052936034e+00
1.287500000000000089e+00 7.513441242481000426e-01
1.300000000000000044e+00 3.047032885855687767e-01
1.312500000000000000e+00 9.815479128478177273e-02
1.325000000000000178e+00 2.477384028763179175e-02
1.337500000000000133e+00 4.856279336238133494e-03
1.350000000000000089e+00 7.362795496062336277e-04
1.362500000000000044e+00 8.635389428305691357e-05
1.375000000000000000e+00 7.862636761151971850e-06
1.387500000000000178e+00 5.585837830615696350e-07
1.400000000000000133e+00 3.117367280881673949e-08
1.412500000000000089e+00 3.161096128318412642e-09
1.425000000000000044e+00 1.991569558951470905e-10
1.437500000000000000e+00 8.957061203180325773e-12
1.450000000000000178e+00 3.033651299279932861e-13
1.462500000000000133e+00 7.948684558201343872e-15
1.475000000000000089e+00 1.764596829695108018e-16
1.487500000000000044e+00 -1.404699888262147074e-26
1.500000000000000000e+00 -5.842784363630334166e-38
1.512500000000000178e+00 -2.392173147760378418e-49
1.525000000000000133e+00 -9.673763274357152537e-61
1.537500000000000089e+00 -3.872988009906573616e-72
1.550000000000000044e+00 -1.537672689869095386e-83
1.562500000000000000e+00 -6.062698491080514538e-95
1.575000000000000178e+00 -2.376375957400119303e-106
1.587500000000000133e+00 -9.266430709894871082e-118
1.600000000000000089e+00 -7.412551922876358160e-122
1.612500000000000044e+00 -2.252530542345390966e-130
1.625000000000000000e+00 -1.637803858138137010e-141
1.637500000000000178e+00 -8.937757653331704315e-153
1.650000000000000133e+00 -4.337375843754983792e-164
1.662500000000000089e+00 -1.973061738559224619e-175
1.675000000000000044e+00 -8.616262021352812204e-187
1.687500000000000000e+00 -3.658637334275433491e-198
1.700000000000000178e+00 -1.521793335038883877e-209
1.712500000000000133e+00 -6.230578251723808351e-221
1.725000000000000089e+00 -2.519597864112255358e-232
1.737500000000000044e+00 -1.008746107854368290e-243
1.750000000000000000e+00 -4.004974071706673992e-255
1.762500000000000178e+00 -1.579070830209783529e-266
1.775000000000000133e+00 -6.189432501015712685e-278
1.787500000000000089e+00 -2.413517006900209947e-289
1.800000000000000044e+00 -3.861009543310889705e-293
1.812500000000000000e+00 -5.867309461805671791e-302
1.825000000000000178e+00 -4.265771448399258374e-313
1.837500000000000133e+00 -4.940656458412465442e-324
1.850000000000000089e+00 0.000000000000000000e+00
1.862500000000000044e+00 0.000000000000000000e+00
1.875000000000000000e+00 0.000000000000000000e+00
1.887500000000000178e+00 0.000000000000000000e+00
1.900000000000000133e+00 0.000000000000000000e+00
1.912500000000000089e+00 0.000000000000000000e+00
1.925000000000000044e+00 0.000000000000000000e+00
1.937500000000000000e+00 0.000000000000000000e+00
1.950000000000000178e+00 0.000000000000000000e+00
1.962500000000000133e+00 0.000000000000000000e+00
1.975000000000000089e+00 0.000000000000000000e+00
1.987500000000000044e+00 0.000000000000000000e+00
2.000000000000000000e+00 0.000000000000000000e+00
2.012500000000000178e+00 0.000000000000000000e+00
2.024999999999999911e+00 0.000000000000000000e+00
2.037500000000000089e+00 0.000000000000000000e+00
2.050000000000000266e+00 0.000000000000000000e+00
2.062500000000000000e+00 0.000000000000000000e+00
2.075000000000000178e+00 0.000000000000000000e+00
2.087499999999999911e+00 0.000000000000000000e+00
2.100000000000000089e+00 0.000000000000000000e+00
2.112500000000000266e+00 0.000000000000000000e+00
2.125000000000000000e+00 0.000000000000000000e+00
2.137500000000000178e+00 0.000000000000000000e+00
2.149999999999999911e+00 0.000000000000000000e+00
2.162500000000000089e+00 0.000000000000000000e+00
2.175000000000000266e+00 0.000000000000000000e+00
2.187500000000000000e+00 0.000000000000000000e+00
2.200000000000000178e+00 0.000000000000000000e+00
2.212499999999999911e+00 0.000000000000000000e+00
2.225000000000000089e+00 0.000000000000000000e+00
2.237500000000000266e+00 0.000000000000000000e+00
2.250000000000000000e+00 0.000000000000000000e+00
2.262500000000000178e+00 0.000000000000000000e+00
2.274999999999999911e+00 0.000000000000000000e+00
2.287500000000000089e+00 0.000000000000000000e+00
2.300000000000000266e+00 0.000000000000000000e+00
2.312500000000000000e+00 0.000000000000000000e+00
2.325000000000000178e+00 0.000000000000000000e+00
2.337499999999999911e+00 0.000000000000000000e+00
2.350000000000000089e+00 0.000000000000000000e+00
2.362500000000000266e+00 0.000000000000000000e+00
2.375000000000000000e+00 0.000000000000000000e+00
2.387500000000000178e+00 0.000000000000000000e+00
2.400000000000000355e+00 0.000000000000000000e+00
2.412500000000000089e+00 0.000000000000000000e+00
2.425000000000000266e+00 0.000000000000000000e+00
2.437500000000000000e+00 0.000000000000000000e+00
2.450000000000000178e+00 0.000000000000000000e+00
2.462500000000000355e+00 0.000000000000000000e+00
2.475000000000000089e+00 0.000000000000000000e+00
2.487500000000000266e+00 0.000000000000000000e+00
2.500000000000000000e+00 0.000000000000000000e+00
2.512500000000000178e+00 0.000000000000000000e+00
2.525000000000000355e+00 0.000000000000000000e+00
2.537500000000000089e+00 0.000000000000000000e+00
2.550000000000000266e+00 0.000000000000000000e+00
2.562500000000000000e+00 0.000000000000000000e+00
2.575000000000000178e+00 0.000000000000000000e+00
2.587500000000000355e+00 0.000000000000000000e+00
2.600000000000000089e+00 0.000000000000000000e+00
2.612500000000000266e+00 0.000000000000000000e+00
2.625000000000000000e+00 0.000000000000000000e+00
2.637500000000000178e+00 0.000000000000000000e+00
2.650000000000000355e+00 0.000000000000000000e+00
2.662500000000000089e+00 0.000000000000000000e+00
2.675000000000000266e+00 0.000000000000000000e+00
2.687500000000000000e+00 0.000000000000000000e+00
2.700000000000000178e+00 0.000000000000000000e+00
2.712500000000000355e+00 0.000000000000000000e+00
2.725000000000000089e+00 0.000000000000000000e+00
2.737500000000000266e+00 0.000000000000000000e+00
2.750000000000000000e+00 0.000000000000000000e+00
2.762500000000000178e+00 0.000000000000000000e+00
2.775000000000000355e+00 0.000000000000000000e+00
2.787500000000000089e+00 0.000000000000000000e+00
2.800000000000000266e+00 0.000000000000000000e+00
2.812500000000000000e+00 0.000000000000000000e+00
2.825000000000000178e+00 0.000000000000000000e+00
2.837500000000000355e+00 0.000000000000000000e+00
2.850000000000000089e+00 0.000000000000000000e+00
2.862500000000000266e+00 0.000000000000000000e+00
2.875000000000000000e+00 0.000000000000000000e+00
2.887500000000000178e+00 0.000000000000000000e+00
2.900000000000000355e+00 0.000000000000000000e+00
2.912500000000000089e+00 0.000000000000000000e+00
2.925000000000000266e+00 0.000000000000000000e+00
2.937500000000000000e+00 0.000000000000000000e+00
2.950000000000000178e+00 0.000000000000000000e+00
2.962500000000000355e+00 0.000000000000000000e+00
2.975000000000000089e+00 0.000000000000000000e+00
2.987500000000000266e+00 0.000000000000000000e+00
3.000000000000000000e+00 0.000000000000000000e+00
3.012500000000000178e+00 0.000000000000000000e+00
3.025000000000000355e+00 0.000000000000000000e+00
3.037500000000000089e+00 0.000000000000000000e+00
3.050000000000000266e+00 0.000000000000000000e+00
3.062500000000000000e+00 0.000000000000000000e+00
3.075000000000000178e+00 0.000000000000000000e+00
3.087500000000000355e+00 0.000000000000000000e+00
3.100000000000000089e+00 0.000000000000000000e+00
3.112500000000000266e+00 0.000000000000000000e+00
3.125000000000000000e+00 0.000000000000000000e+00
3.137500000000000178e+00 0.000000000000000000e+00
3.150000000000000355e+00 0.000000000000000000e+00
3.162500000000000089e+00 0.000000000000000000e+00
3.175000000000000266e+00 0.000000000000000000e+00
3.187500000000000000e+00 0.000000000000000000e+00
3.200000000000000178e+00 0.000000000000000000e+00
3.212500000000000355e+00 0.000000000000000000e+00
3.225000000000000089e+00 0.000000000000000000e+00
3.237500000000000266e+00 0.000000000000000000e+00
3.250000000000000000e+00 0.000000000000000000e+00
3.262500000000000178e+00 0.000000000000000000e+00
3.275000000000000355e+00 0.000000000000000000e+00
3.287500000000000089e+00 0.000000000000000000e+00
3.300000000000000266e+00 0.000000000000000000e+00
3.312500000000000000e+00 0.000000000000000000e+00
3.325000000000000178e+00 0.000000000000000000e+00
3.337500000000000355e+00 0.000000000000000000e+00
3.350000000000000089e+00 0.000000000000000000e+00
3.362500000000000266e+00 0.000000000000000000e+00
3.375000000000000000e+00 0.000000000000000000e+00
3.387500000000000178e+00 0.000000000000000000e+00
3.400000000000000355e+00 0.000000000000000000e+00
3.412500000000000089e+00 0.000000000000000000e+00
3.425000000000000266e+00 0.000000000000000000e+00
3.437500000000000000e+00 0.000000000000000000e+00
3.450000000000000178e+00 0.000000000000000000e+00
3.462500000000000355e+00 0.000000000000000000e+00
3.475000000000000089e+00 0.000000000000000000e+00
3.487500000000000266e+00 0.000000000000000000e+00
3.500000000000000000e+00 0.000000000000000000e+00
3.512500000000000178e+00 0.000000000000000000e+00
3.525000000000000355e+00 0.000000000000000000e+00
3.537500000000000089e+00 0.000000000000000000e+00
3.550000000000000266e+00 0.000000000000000000e+00
3.562500000000000000e+00 0.000000000000000000e+00
3.575000000000000178e+00 0.000000000000000000e+00
3.587500000000000355e+00 0.000000000000000000e+00
3.600000000000000089e+00 0.000000000000000000e+00
3.612500000000000266e+00 0.000000000000000000e+00
3.625000000000000000e+00 0.000000000000000000e+00
3.637500000000000178e+00 0.000000000000000000e+00
3.650000000000000355e+00 0.000000000000000000e+00
3.662500000000000089e+00 0.000000000000000000e+00
3.675000000000000266e+00 0.000000000000000000e+00
3.687500000000000000e+00 0.000000000000000000e+00
3.700000000000000178e+00 0.000000000000000000e+00
3.712500000000000355e+00 0.000000000000000000e+00
3.725000000000000089e+00 0.000000000000000000e+00
3.737500000000000266e+00 0.000000000000000000e+00
3.750000000000000000e+00 0.000000000000000000e+00
3.762500000000000178e+00 0.000000000000000000e+00
3.775000000000000355e+00 0.000000000000000000e+00
3.787500000000000089e+00 0.000000000000000000e+00
3.800000000000000266e+00 0.000000000000000000e+00
3.812500000000000000e+00 0.000000000000000000e+00
3.825000000000000178e+00 0.000000000000000000e+00
3.837500000000000355e+00 0.000000000000000000e+00
3.850000000000000089e+00 0.000000000000000000e+00
3.862500000000000266e+00 0.000000000000000000e+00
3.875000000000000000e+00 0.000000000000000000e+00
3.887500000000000178e+00 0.000000000000000000e+00
3.900000000000000355e+00 0.000000000000000000e+00
3.912500000000000089e+00 0.000000000000000000e+00
3.925000000000000266e+00 0.000000000000000000e+00
3.937500000000000000e+00 0.000000000000000000e+00
3.950000000000000178e+00 0.000000000000000000e+00
3.962500000000000355e+00 0.000000000000000000e+00
3.975000000000000089e+00 0.000000000000000000e+00
3.987500000000000266e+00 0.000000000000000000e+00
